v1	V(n002)
0.000000000000000e+000	0.000000e+000
1.000000000000000e-001	2.036700e-005
2.000000000000000e-001	2.045893e-004
3.000000000000000e-001	1.812759e-003
4.000000000000000e-001	1.291261e-002
5.000000000000000e-001	5.081588e-002
6.000000000000000e-001	1.141192e-001
7.000000000000000e-001	1.907674e-001
7.999999999999999e-001	2.742884e-001
8.999999999999999e-001	3.615585e-001
9.999999999999999e-001	4.515197e-001
1.100000000000000e+000	5.431470e-001
1.200000000000000e+000	6.359611e-001
1.300000000000000e+000	7.296848e-001
1.400000000000000e+000	8.241197e-001
1.500000000000000e+000	9.191236e-001
