
fmt: 15 
sourcenm: Orion 
comnt:   
obsname: AE 
iscan: 114.000000 
quality: 0 
year: 2019 
month: 3 
day: 27 
ut: 20.756134 
lst: 4.384950 
integ: 300.183990 
fonoff: 15.000000 
caltime: 5.000000 
azs: 35.746017 
els: 57.302265 
azo: 38.467548 
elo: 56.036388 
epoch: 1950 
ras: 5.550152 
dels: -5.518510 
lii: 209.128510 
bii: -19.385527 
rao: 5.679664 
delo: -5.165611 
liio: 209.727371 
biio: -17.503206 
dhomphi: 1.000000 
dhomthe: 0.000000 
bw: 0.125000 
grid: 1 
nsumup: 0 
L(on1): 0.000000 
L(on2): 0.000000 
B(on1): 0.000000 
B(on2): 0.000000 
L(off1): 0.000000 
L(off2): 0.000000 
B(off1): 0.000000 
B(off2): 0.000000 
coscor: 1 
fcoord: 0 
molnm: 12 CO 
frest: 115271.201000 
harm: 11.000000 
harm2: 2.000000 
harm3: 1.000000 
lock: -1 
sbxif1: -125.000000 
vant: 43.493931 
vlsr: 0.000000 
locif: 60.000000 
offrq: 0.000000 
synth: 5230.430786 
rsynth: 5230.430786 
upfrq: 0.000000 
center: 127.500000 
nchf1: 127.500000 
delf: 0.122070 
nch: 256 
fcus: -16.723700 
fcur: -16.723700 
fcls: -266.723694 
fclr: -266.723694 
tcal: 168.924911 
twat: 298.225128 
tsys: 226.985077 
tchp: 295.000000 
humidity: 39.000000 
eta: 0.890385 
tauw: 0.239478 
taus: 0.298000 
taui: 0.113500 
tc: 166.563705 
tambF: 77.540001 
tp[0]: 834.794617 
t_tp[0]: 30.018400 
dnoise: -1.294032 
baseord: 1 
dipdata[0]: 0.089640 
dipdata[1]: 0.057344 
dipdata[2]: 0.034383 
dipn: 9 
dipaz: 350.000000 
dipel: 23.578186 
dipda: 1.000000 
diptp: 0.605968 
dipy: 2019 
dipm: 3 
dipd: 27 
diput: 19.629694 
vs_chan: 1 
rms: 0.000000 
sum_wgts: 0.000000 
fb50off: 0.000000 
xba: 0.000000 
yba: 0.000000 
asdaz: 0.000000 
asdel: 0.000000 
clouds: 0 
woff_integ[0]: 0.000000 
woff_integ[1]: 0.000000 
woff_tp[0]: 0.000000 
woff_tp[1]: 0.000000 
fb50off: 0.000000 
FBsplit: 0 

    40.478	     -0.127
    40.160	      0.180
    39.843	     -0.319
    39.525	     -0.188
    39.208	     -0.095
    38.890	     -0.110
    38.573	     -0.163
    38.255	      0.301
    37.938	     -0.628
    37.620	      0.116
    37.303	     -0.036
    36.985	      0.011
    36.668	      0.033
    36.351	     -0.250
    36.033	     -0.061
    35.716	     -0.252
    35.398	      0.319
    35.081	      0.125
    34.763	     -0.545
    34.446	      0.496
    34.128	      0.091
    33.811	     -0.038
    33.493	     -0.249
    33.176	     -0.050
    32.858	      0.212
    32.541	      0.214
    32.223	      0.123
    31.906	     -0.550
    31.588	     -0.014
    31.271	     -0.021
    30.954	      0.285
    30.636	     -0.120
    30.319	      0.060
    30.001	     -0.613
    29.684	      0.088
    29.366	     -0.043
    29.049	     -0.388
    28.731	      0.106
    28.414	      0.104
    28.096	      0.633
    27.779	      0.389
    27.461	      0.344
    27.144	      0.600
    26.826	     -0.023
    26.509	      0.534
    26.191	     -0.403
    25.874	      0.281
    25.556	      0.043
    25.239	     -0.328
    24.922	      0.652
    24.604	     -0.547
    24.287	     -0.075
    23.969	      0.243
    23.652	      0.341
    23.334	      0.677
    23.017	      0.443
    22.699	      0.347
    22.382	      0.424
    22.064	      0.062
    21.747	      0.036
    21.429	      0.103
    21.112	     -0.045
    20.794	     -0.023
    20.477	     -0.256
    20.159	      0.008
    19.842	      0.277
    19.525	      0.316
    19.207	     -0.266
    18.890	      0.108
    18.572	     -0.093
    18.255	      0.246
    17.937	      0.334
    17.620	     -0.068
    17.302	     -0.121
    16.985	      0.174
    16.667	      0.246
    16.350	      0.451
    16.032	      0.574
    15.715	      0.142
    15.397	      0.891
    15.080	      1.181
    14.762	      1.586
    14.445	      1.435
    14.128	      1.766
    13.810	      2.672
    13.493	      3.206
    13.175	      4.165
    12.858	      4.863
    12.540	      5.920
    12.223	      7.095
    11.905	      8.861
    11.588	     10.395
    11.270	     11.674
    10.953	     13.053
    10.635	     14.223
    10.318	     14.273
    10.000	     13.529
     9.683	     14.077
     9.365	     13.553
     9.048	     13.613
     8.730	     13.046
     8.413	     12.651
     8.096	     11.708
     7.778	     10.734
     7.461	     11.105
     7.143	     10.791
     6.826	      9.707
     6.508	      8.549
     6.191	      7.707
     5.873	      5.634
     5.556	      4.738
     5.238	      3.123
     4.921	      2.217
     4.603	      1.168
     4.286	      0.531
     3.968	     -0.204
     3.651	     -0.143
     3.333	     -0.671
     3.016	     -0.933
     2.699	     -0.082
     2.381	     -0.204
     2.064	     -0.140
     1.746	      0.287
     1.429	      0.043
     1.111	     -0.120
     0.794	     -0.002
     0.476	     -0.223
     0.159	     -0.171
    -0.159	     -0.148
    -0.476	     -0.125
    -0.794	     -0.501
    -1.111	     -0.424
    -1.429	      0.009
    -1.746	     -0.192
    -2.064	     -0.343
    -2.381	      0.325
    -2.699	     -0.099
    -3.016	      0.036
    -3.333	      0.263
    -3.651	      0.031
    -3.968	      0.024
    -4.286	     -0.005
    -4.603	     -0.088
    -4.921	     -0.594
    -5.238	     -0.119
    -5.556	     -0.110
    -5.873	     -0.326
    -6.191	      0.192
    -6.508	     -0.108
    -6.826	     -0.268
    -7.143	     -0.239
    -7.461	      0.170
    -7.778	     -0.026
    -8.096	     -0.234
    -8.413	      0.039
    -8.730	      0.025
    -9.048	      0.030
    -9.365	     -0.159
    -9.683	     -0.459
   -10.000	     -0.256
   -10.318	     -0.122
   -10.635	     -0.091
   -10.953	     -0.221
   -11.270	      0.399
   -11.588	     -0.071
   -11.905	     -0.091
   -12.223	     -0.393
   -12.540	     -0.571
   -12.858	      0.225
   -13.175	     -0.117
   -13.493	      0.317
   -13.810	     -0.470
   -14.127	     -0.004
   -14.445	      0.093
   -14.762	     -0.175
   -15.080	     -0.361
   -15.397	     -0.232
   -15.715	     -0.116
   -16.032	      0.126
   -16.350	      0.043
   -16.667	      0.250
   -16.985	      0.056
   -17.302	     -0.467
   -17.620	     -0.214
   -17.937	     -0.001
   -18.255	     -0.682
   -18.572	      0.080
   -18.890	      0.343
   -19.207	      0.087
   -19.525	      0.557
   -19.842	     -0.223
   -20.159	      0.109
   -20.477	     -0.436
   -20.794	     -0.210
   -21.112	      0.331
   -21.429	     -0.118
   -21.747	      0.463
   -22.064	     -0.163
   -22.382	      0.024
   -22.699	     -0.039
   -23.017	      0.183
   -23.334	      0.540
   -23.652	     -0.076
   -23.969	      0.235
   -24.287	     -0.099
   -24.604	      0.510
   -24.922	      0.231
   -25.239	     -0.024
   -25.556	      0.184
   -25.874	     -0.179
   -26.191	     -0.043
   -26.509	     -0.202
   -26.826	      0.150
   -27.144	      0.056
   -27.461	     -0.226
   -27.779	     -0.234
   -28.096	      0.065
   -28.414	      0.128
   -28.731	      0.112
   -29.049	     -0.211
   -29.366	      0.242
   -29.684	     -0.083
   -30.001	      0.319
   -30.319	      0.317
   -30.636	      0.212
   -30.954	     -0.434
   -31.271	     -0.102
   -31.588	      0.152
   -31.906	     -0.678
   -32.223	      0.042
   -32.541	      0.332
   -32.858	     -0.133
   -33.176	     -0.331
   -33.493	      0.232
   -33.811	     -0.128
   -34.128	      0.289
   -34.446	     -0.315
   -34.763	      0.049
   -35.081	     -0.202
   -35.398	     -0.085
   -35.716	     -0.532
   -36.033	      0.075
   -36.351	      0.201
   -36.668	      0.056
   -36.985	      0.620
   -37.303	      0.597
   -37.620	     -0.098
   -37.938	      0.458
   -38.255	      0.464
   -38.573	     -0.026
   -38.890	      0.293
   -39.208	      0.171
   -39.525	      0.191
   -39.843	      0.092
   -40.160	     -0.384
   -40.478	      0.136