
fmt: 15 
sourcenm: Orion 
comnt:   
obsname: AE 
iscan: 113.000000 
quality: 0 
year: 2019 
month: 3 
day: 27 
ut: 20.648746 
lst: 4.277267 
integ: 300.183990 
fonoff: 15.000000 
caltime: 5.000000 
azs: 38.094051 
els: 56.429375 
azo: 40.872192 
elo: 55.180660 
epoch: 1950 
ras: 5.546331 
dels: -5.407290 
lii: 208.996002 
bii: -19.385527 
rao: 5.679664 
delo: -5.165611 
liio: 209.727371 
biio: -17.503206 
dhomphi: 0.000000 
dhomthe: 0.000000 
bw: 0.125000 
grid: 1 
nsumup: 0 
L(on1): 0.000000 
L(on2): 0.000000 
B(on1): 0.000000 
B(on2): 0.000000 
L(off1): 0.000000 
L(off2): 0.000000 
B(off1): 0.000000 
B(off2): 0.000000 
coscor: 1 
fcoord: 0 
molnm: 12 CO 
frest: 115271.201000 
harm: 11.000000 
harm2: 2.000000 
harm3: 1.000000 
lock: -1 
sbxif1: -125.000000 
vant: 43.489342 
vlsr: 0.000000 
locif: 60.000000 
offrq: 0.000000 
synth: 5230.430867 
rsynth: 5230.430867 
upfrq: 0.000000 
center: 127.500000 
nchf1: 127.500000 
delf: 0.122070 
nch: 256 
fcus: -16.721933 
fcur: -16.721933 
fcls: -266.721924 
fclr: -266.721924 
tcal: 169.022446 
twat: 298.225128 
tsys: 226.985077 
tchp: 295.000000 
humidity: 39.000000 
eta: 0.890385 
tauw: 0.239478 
taus: 0.298000 
taui: 0.113500 
tc: 167.740692 
tambF: 77.540001 
tp[0]: 833.747009 
t_tp[0]: 30.018400 
dnoise: -1.029860 
baseord: 1 
dipdata[0]: 0.089640 
dipdata[1]: 0.057344 
dipdata[2]: 0.034383 
dipn: 9 
dipaz: 350.000000 
dipel: 23.578186 
dipda: 1.000000 
diptp: 0.605968 
dipy: 2019 
dipm: 3 
dipd: 27 
diput: 19.629694 
vs_chan: 1 
rms: 0.000000 
sum_wgts: 0.000000 
fb50off: 0.000000 
xba: 0.000000 
yba: 0.000000 
asdaz: 0.000000 
asdel: 0.000000 
clouds: 0 
woff_integ[0]: 0.000000 
woff_integ[1]: 0.000000 
woff_tp[0]: 0.000000 
woff_tp[1]: 0.000000 
fb50off: 0.000000 
FBsplit: 0 

    40.478	      0.419
    40.160	     -0.129
    39.843	      0.037
    39.525	      0.063
    39.208	     -0.247
    38.890	     -0.670
    38.573	      0.063
    38.255	      0.119
    37.938	      0.144
    37.620	     -0.259
    37.303	      0.186
    36.985	      0.172
    36.668	      0.257
    36.351	     -0.090
    36.033	     -0.028
    35.716	     -0.545
    35.398	      0.054
    35.081	      0.056
    34.763	      0.020
    34.446	     -0.171
    34.128	      0.282
    33.811	      0.210
    33.493	     -0.198
    33.176	     -0.127
    32.858	      0.085
    32.541	      0.007
    32.223	      0.090
    31.906	     -0.248
    31.588	      0.378
    31.271	     -0.168
    30.954	     -0.279
    30.636	     -0.124
    30.319	     -0.213
    30.001	      0.061
    29.684	      0.298
    29.366	     -0.323
    29.049	     -0.157
    28.731	     -0.062
    28.414	      0.086
    28.096	     -0.477
    27.779	     -0.137
    27.461	     -0.093
    27.144	     -0.090
    26.826	      0.373
    26.509	     -0.655
    26.191	     -0.205
    25.874	      0.394
    25.556	      0.101
    25.239	     -0.110
    24.922	      0.040
    24.604	      0.543
    24.287	     -0.102
    23.969	     -0.203
    23.652	      0.120
    23.334	      0.667
    23.017	      0.066
    22.699	      0.240
    22.382	      0.047
    22.064	      0.136
    21.747	     -0.382
    21.429	      0.137
    21.112	     -0.094
    20.794	      0.063
    20.477	      0.360
    20.159	     -0.113
    19.842	      0.422
    19.525	      0.025
    19.207	      0.353
    18.890	     -0.327
    18.572	     -0.363
    18.255	      0.077
    17.937	      0.279
    17.620	     -0.322
    17.302	      0.424
    16.985	      0.219
    16.667	      0.331
    16.350	      0.225
    16.032	      0.067
    15.715	      0.346
    15.397	      0.240
    15.080	      0.595
    14.762	      0.669
    14.445	      1.032
    14.127	      1.255
    13.810	      1.326
    13.493	      2.292
    13.175	      2.584
    12.858	      3.639
    12.540	      5.050
    12.223	      6.899
    11.905	      9.611
    11.588	     13.466
    11.270	     15.602
    10.953	     19.741
    10.635	     22.607
    10.318	     25.518
    10.000	     27.037
     9.683	     28.410
     9.365	     28.648
     9.048	     28.631
     8.730	     27.009
     8.413	     26.236
     8.096	     23.373
     7.778	     21.005
     7.461	     18.441
     7.143	     15.722
     6.826	     13.177
     6.508	     10.456
     6.191	      7.840
     5.873	      6.159
     5.556	      5.080
     5.238	      3.939
     4.921	      3.002
     4.603	      1.914
     4.286	      1.215
     3.968	      0.535
     3.651	      0.362
     3.333	      0.177
     3.016	     -0.517
     2.699	     -0.221
     2.381	      0.474
     2.064	      0.425
     1.746	      0.237
     1.429	      0.368
     1.111	     -0.050
     0.794	      0.770
     0.476	     -0.217
     0.159	     -0.259
    -0.159	      0.028
    -0.476	      0.314
    -0.794	      0.069
    -1.111	     -0.286
    -1.429	      0.621
    -1.746	     -0.393
    -2.064	     -0.183
    -2.381	      0.254
    -2.699	      0.206
    -3.016	      0.122
    -3.333	      0.375
    -3.651	      0.096
    -3.968	     -0.037
    -4.286	      0.015
    -4.603	      0.260
    -4.921	     -0.298
    -5.238	     -0.190
    -5.556	      0.073
    -5.873	      0.005
    -6.191	      0.142
    -6.508	     -0.007
    -6.826	      0.249
    -7.143	     -0.223
    -7.461	      0.097
    -7.778	     -0.184
    -8.096	     -0.485
    -8.413	     -0.071
    -8.730	     -0.128
    -9.048	     -0.336
    -9.365	     -0.372
    -9.683	     -0.488
   -10.000	     -0.166
   -10.318	     -0.045
   -10.635	     -0.251
   -10.953	      0.038
   -11.270	      0.043
   -11.588	      0.031
   -11.905	     -0.256
   -12.223	     -0.097
   -12.540	     -0.209
   -12.858	      0.189
   -13.175	      0.742
   -13.493	      0.077
   -13.810	     -0.131
   -14.128	      0.174
   -14.445	      0.106
   -14.762	      0.246
   -15.080	     -0.379
   -15.397	      0.098
   -15.715	     -0.150
   -16.032	      0.003
   -16.350	      0.264
   -16.667	      0.382
   -16.985	      0.443
   -17.302	     -0.615
   -17.620	      0.276
   -17.937	      0.394
   -18.255	     -0.633
   -18.572	      0.058
   -18.890	      0.170
   -19.207	     -0.340
   -19.525	     -0.351
   -19.842	     -0.089
   -20.159	      0.047
   -20.477	      0.278
   -20.794	     -0.045
   -21.112	      0.322
   -21.429	      0.199
   -21.747	     -0.398
   -22.064	     -0.050
   -22.382	      0.083
   -22.699	      0.027
   -23.017	      0.447
   -23.334	     -0.167
   -23.652	      0.171
   -23.969	      0.177
   -24.287	      0.463
   -24.604	     -0.150
   -24.922	     -0.226
   -25.239	      0.420
   -25.556	      0.450
   -25.874	     -0.145
   -26.191	      0.229
   -26.509	     -0.310
   -26.826	      0.101
   -27.144	     -0.285
   -27.461	     -0.129
   -27.779	      0.326
   -28.096	     -0.163
   -28.414	     -0.417
   -28.731	      0.005
   -29.049	      0.047
   -29.366	     -0.295
   -29.684	     -0.055
   -30.001	     -0.360
   -30.319	     -0.639
   -30.636	     -0.191
   -30.954	      0.172
   -31.271	      0.063
   -31.588	     -0.320
   -31.906	     -0.168
   -32.223	     -0.105
   -32.541	     -0.247
   -32.858	      0.133
   -33.176	     -0.287
   -33.493	     -0.211
   -33.811	     -0.246
   -34.128	     -0.497
   -34.446	     -0.067
   -34.763	      0.490
   -35.081	      0.019
   -35.398	      0.015
   -35.716	     -0.336
   -36.033	      0.146
   -36.351	     -0.384
   -36.668	      0.644
   -36.985	     -0.122
   -37.303	     -0.070
   -37.620	     -0.031
   -37.938	      0.633
   -38.255	      0.063
   -38.573	      0.018
   -38.890	      0.368
   -39.208	      0.079
   -39.525	     -0.069
   -39.843	      0.208
   -40.160	      0.450
   -40.478	      0.303