
fmt: 15 
sourcenm: Orion 
comnt:   
obsname: AE 
iscan: 118.000000 
quality: 0 
year: 2019 
month: 3 
day: 27 
ut: 21.204697 
lst: 4.834742 
integ: 300.183990 
fonoff: 15.000000 
caltime: 5.000000 
azs: 23.816790 
els: 59.997509 
azo: 27.314537 
elo: 59.072998 
epoch: 1950 
ras: 5.546331 
dels: -5.407290 
lii: 208.996002 
bii: -19.385527 
rao: 5.679664 
delo: -5.165611 
liio: 209.727371 
biio: -17.503206 
dhomphi: 0.000000 
dhomthe: 0.000000 
bw: 0.125000 
grid: 1 
nsumup: 0 
L(on1): 0.000000 
L(on2): 0.000000 
B(on1): 0.000000 
B(on2): 0.000000 
L(off1): 0.000000 
L(off2): 0.000000 
B(off1): 0.000000 
B(off2): 0.000000 
coscor: 1 
fcoord: 0 
molnm: 12 CO 
frest: 115271.201000 
harm: 11.000000 
harm2: 2.000000 
harm3: 1.000000 
lock: -1 
sbxif1: -125.000000 
vant: 43.534744 
vlsr: 0.000000 
locif: 60.000000 
offrq: 0.000000 
synth: 5230.430073 
rsynth: 5230.430073 
upfrq: 0.000000 
center: 127.500000 
nchf1: 127.500000 
delf: 0.122070 
nch: 256 
fcus: -16.739391 
fcur: -16.739391 
fcls: -266.739380 
fclr: -266.739380 
tcal: 168.650696 
twat: 298.225128 
tsys: 226.985077 
tchp: 295.000000 
humidity: 39.000000 
eta: 0.890385 
tauw: 0.239478 
taus: 0.298000 
taui: 0.113500 
tc: 166.234070 
tambF: 77.540001 
tp[0]: 812.247070 
t_tp[0]: 30.018400 
dnoise: 0.081264 
baseord: 1 
dipdata[0]: 0.089640 
dipdata[1]: 0.057344 
dipdata[2]: 0.034383 
dipn: 9 
dipaz: 350.000000 
dipel: 23.578186 
dipda: 1.000000 
diptp: 0.605968 
dipy: 2019 
dipm: 3 
dipd: 27 
diput: 19.629694 
vs_chan: 1 
rms: 0.000000 
sum_wgts: 0.000000 
fb50off: 0.000000 
xba: 0.000000 
yba: 0.000000 
asdaz: 0.000000 
asdel: 0.000000 
clouds: 0 
woff_integ[0]: 0.000000 
woff_integ[1]: 0.000000 
woff_tp[0]: 0.000000 
woff_tp[1]: 0.000000 
fb50off: 0.000000 
FBsplit: 0 

    40.478	     -0.066
    40.160	      0.376
    39.843	      0.113
    39.525	      0.487
    39.208	     -0.207
    38.890	      0.136
    38.573	      0.293
    38.255	     -0.113
    37.938	     -0.180
    37.620	     -0.164
    37.303	      0.033
    36.985	     -0.478
    36.668	     -0.074
    36.351	      0.228
    36.033	      0.174
    35.716	     -0.154
    35.398	     -0.004
    35.081	      0.122
    34.763	     -0.056
    34.446	     -0.108
    34.128	      0.305
    33.811	      0.108
    33.493	     -0.349
    33.176	      0.106
    32.858	     -0.091
    32.541	     -0.055
    32.223	      0.008
    31.906	     -0.672
    31.588	      0.264
    31.271	      0.073
    30.954	     -0.024
    30.636	     -0.673
    30.319	     -0.476
    30.001	     -0.177
    29.684	     -0.090
    29.366	     -0.200
    29.049	      0.136
    28.731	     -0.144
    28.414	      0.086
    28.096	     -0.391
    27.779	     -0.048
    27.461	     -0.420
    27.144	      0.133
    26.826	      0.179
    26.509	      0.032
    26.191	      0.133
    25.874	      0.463
    25.556	      0.251
    25.239	      0.021
    24.922	      0.087
    24.604	      0.227
    24.287	     -0.283
    23.969	     -0.083
    23.652	     -0.159
    23.334	      0.054
    23.017	     -0.263
    22.699	     -0.287
    22.382	      0.042
    22.064	     -0.064
    21.747	      0.015
    21.429	     -0.342
    21.112	     -0.102
    20.794	     -0.136
    20.477	      0.267
    20.159	      0.013
    19.842	      0.122
    19.525	      0.365
    19.207	      0.273
    18.890	      0.504
    18.572	      0.244
    18.255	      0.650
    17.937	     -0.272
    17.620	      0.119
    17.302	      0.070
    16.985	      0.011
    16.667	      0.361
    16.350	      0.088
    16.032	      0.207
    15.715	      0.713
    15.397	      0.773
    15.080	      0.550
    14.762	      0.958
    14.445	      0.619
    14.127	      1.316
    13.810	      1.430
    13.493	      1.958
    13.175	      2.861
    12.858	      4.054
    12.540	      5.018
    12.223	      7.362
    11.905	      9.689
    11.588	     13.590
    11.270	     16.541
    10.953	     19.753
    10.635	     23.340
    10.318	     25.681
    10.000	     27.691
     9.683	     29.056
     9.365	     29.038
     9.048	     28.800
     8.730	     28.102
     8.413	     25.922
     8.096	     23.240
     7.778	     21.451
     7.461	     18.290
     7.143	     16.278
     6.826	     14.270
     6.508	     10.331
     6.191	      8.461
     5.873	      6.928
     5.556	      5.026
     5.238	      4.347
     4.921	      3.320
     4.603	      1.546
     4.286	      1.364
     3.968	      0.656
     3.651	      0.085
     3.333	     -0.231
     3.016	     -0.554
     2.699	      0.002
     2.381	      0.317
     2.064	      0.657
     1.746	      0.643
     1.429	      0.078
     1.111	      0.414
     0.794	     -0.036
     0.476	     -0.057
     0.159	      0.009
    -0.159	      0.177
    -0.476	      0.344
    -0.794	      0.320
    -1.111	      0.202
    -1.429	      0.211
    -1.746	     -0.123
    -2.064	      0.252
    -2.381	      0.295
    -2.699	     -0.055
    -3.016	     -0.073
    -3.333	      0.445
    -3.651	      0.249
    -3.968	      0.055
    -4.286	     -0.171
    -4.603	      0.096
    -4.921	      0.120
    -5.238	     -0.051
    -5.556	      0.300
    -5.873	      0.025
    -6.191	     -0.240
    -6.508	      0.052
    -6.826	     -0.114
    -7.143	     -0.381
    -7.461	      0.035
    -7.778	     -0.160
    -8.096	     -0.246
    -8.413	      0.088
    -8.730	     -0.307
    -9.048	      0.309
    -9.365	     -0.341
    -9.683	     -0.104
   -10.000	     -0.552
   -10.318	      0.018
   -10.635	      0.089
   -10.953	      0.121
   -11.270	     -0.087
   -11.588	     -0.504
   -11.905	      0.046
   -12.223	     -0.394
   -12.540	      0.015
   -12.858	     -0.148
   -13.175	     -0.183
   -13.493	     -0.418
   -13.810	     -0.104
   -14.128	     -0.146
   -14.445	     -0.047
   -14.762	      0.073
   -15.080	      0.220
   -15.397	     -0.222
   -15.715	     -0.291
   -16.032	     -0.038
   -16.350	     -0.107
   -16.667	     -0.161
   -16.985	      0.322
   -17.302	      0.049
   -17.620	      0.088
   -17.937	     -0.204
   -18.255	     -0.379
   -18.572	      0.088
   -18.890	      0.295
   -19.207	      0.099
   -19.525	     -0.304
   -19.842	      0.055
   -20.159	     -0.008
   -20.477	      0.213
   -20.794	      0.265
   -21.112	     -0.498
   -21.429	      0.260
   -21.747	      0.349
   -22.064	     -0.099
   -22.382	      0.578
   -22.699	     -0.243
   -23.017	      0.251
   -23.334	      0.252
   -23.652	     -0.148
   -23.969	      0.439
   -24.287	      0.016
   -24.604	      0.029
   -24.922	      0.057
   -25.239	      0.046
   -25.556	     -0.346
   -25.874	     -0.039
   -26.191	     -0.073
   -26.509	     -0.309
   -26.826	     -0.224
   -27.144	      0.193
   -27.461	      0.645
   -27.779	     -0.007
   -28.096	      0.121
   -28.414	      0.152
   -28.731	      0.172
   -29.049	     -0.009
   -29.366	     -0.042
   -29.684	     -0.006
   -30.001	     -0.268
   -30.319	      0.104
   -30.636	     -0.151
   -30.954	     -0.029
   -31.271	     -0.527
   -31.588	     -0.073
   -31.906	      0.224
   -32.223	      0.329
   -32.541	     -0.035
   -32.858	      0.061
   -33.176	     -0.195
   -33.493	      0.095
   -33.811	     -0.438
   -34.128	      0.129
   -34.446	      0.047
   -34.763	      0.056
   -35.081	     -0.131
   -35.398	      0.045
   -35.716	      0.102
   -36.033	      0.040
   -36.351	      0.093
   -36.668	     -0.134
   -36.985	      0.133
   -37.303	      0.089
   -37.620	      0.115
   -37.938	      0.067
   -38.255	     -0.179
   -38.573	      0.226
   -38.890	     -0.041
   -39.208	     -0.161
   -39.525	      0.128
   -39.843	     -0.211
   -40.160	     -0.009
   -40.478	     -0.230