
fmt: 15 
sourcenm: Orion 
comnt:   
obsname: AE 
iscan: 119.000000 
quality: 0 
year: 2019 
month: 3 
day: 27 
ut: 21.312006 
lst: 4.942345 
integ: 300.183990 
fonoff: 15.000000 
caltime: 5.000000 
azs: 20.929203 
els: 60.589729 
azo: 24.383612 
elo: 59.652004 
epoch: 1950 
ras: 5.550152 
dels: -5.518510 
lii: 209.128510 
bii: -19.385527 
rao: 5.679664 
delo: -5.165611 
liio: 209.727371 
biio: -17.503206 
dhomphi: 1.000000 
dhomthe: 0.000000 
bw: 0.125000 
grid: 1 
nsumup: 0 
L(on1): 0.000000 
L(on2): 0.000000 
B(on1): 0.000000 
B(on2): 0.000000 
L(off1): 0.000000 
L(off2): 0.000000 
B(off1): 0.000000 
B(off2): 0.000000 
coscor: 1 
fcoord: 0 
molnm: 12 CO 
frest: 115271.201000 
harm: 11.000000 
harm2: 2.000000 
harm3: 1.000000 
lock: -1 
sbxif1: -125.000000 
vant: 43.539665 
vlsr: 0.000000 
locif: 60.000000 
offrq: 0.000000 
synth: 5230.429987 
rsynth: 5230.429987 
upfrq: 0.000000 
center: 127.500000 
nchf1: 127.500000 
delf: 0.122070 
nch: 256 
fcus: -16.741283 
fcur: -16.741283 
fcls: -266.741272 
fclr: -266.741272 
tcal: 168.595535 
twat: 298.225128 
tsys: 226.985077 
tchp: 295.000000 
humidity: 39.000000 
eta: 0.890385 
tauw: 0.239478 
taus: 0.298000 
taui: 0.113500 
tc: 165.310883 
tambF: 77.540001 
tp[0]: 813.331726 
t_tp[0]: 30.018400 
dnoise: -0.343643 
baseord: 1 
dipdata[0]: 0.089640 
dipdata[1]: 0.057344 
dipdata[2]: 0.034383 
dipn: 9 
dipaz: 350.000000 
dipel: 23.578186 
dipda: 1.000000 
diptp: 0.605968 
dipy: 2019 
dipm: 3 
dipd: 27 
diput: 19.629694 
vs_chan: 1 
rms: 0.000000 
sum_wgts: 0.000000 
fb50off: 0.000000 
xba: 0.000000 
yba: 0.000000 
asdaz: 0.000000 
asdel: 0.000000 
clouds: 0 
woff_integ[0]: 0.000000 
woff_integ[1]: 0.000000 
woff_tp[0]: 0.000000 
woff_tp[1]: 0.000000 
fb50off: 0.000000 
FBsplit: 0 

    40.478	     -0.810
    40.160	      0.116
    39.843	     -0.014
    39.525	     -0.325
    39.208	      0.167
    38.890	     -0.140
    38.573	      0.265
    38.255	     -0.040
    37.938	     -0.558
    37.620	      0.203
    37.303	     -0.503
    36.985	      0.446
    36.668	     -0.287
    36.351	      0.176
    36.033	     -0.112
    35.716	      0.692
    35.398	      0.062
    35.081	     -0.472
    34.763	      0.038
    34.446	      0.236
    34.128	     -0.080
    33.811	     -0.029
    33.493	     -0.348
    33.176	     -0.118
    32.858	     -0.170
    32.541	     -0.373
    32.223	     -0.327
    31.906	     -0.241
    31.588	     -0.002
    31.271	      0.550
    30.954	     -0.001
    30.636	     -0.269
    30.319	     -0.095
    30.001	     -0.461
    29.684	     -0.191
    29.366	      0.013
    29.049	     -0.223
    28.731	      0.031
    28.414	      0.186
    28.096	     -0.168
    27.779	      0.713
    27.461	      0.307
    27.144	     -0.002
    26.826	      0.197
    26.509	     -0.196
    26.191	      0.466
    25.874	      0.259
    25.556	     -0.243
    25.239	      0.370
    24.922	      0.140
    24.604	      0.017
    24.287	      0.377
    23.969	     -0.019
    23.652	     -0.531
    23.334	      0.406
    23.017	      0.130
    22.699	     -0.235
    22.382	      0.176
    22.064	      0.020
    21.747	      0.166
    21.429	      0.243
    21.112	      0.326
    20.794	     -0.001
    20.477	      0.147
    20.159	     -0.256
    19.842	      0.034
    19.525	      0.161
    19.207	      0.150
    18.890	     -0.094
    18.572	      0.126
    18.255	      0.052
    17.937	      0.048
    17.620	     -0.181
    17.302	      0.066
    16.985	      0.315
    16.667	     -0.064
    16.350	      0.551
    16.032	      0.312
    15.715	      0.351
    15.397	      0.692
    15.080	      0.549
    14.762	      1.441
    14.445	      1.094
    14.127	      1.726
    13.810	      2.666
    13.493	      3.197
    13.175	      4.371
    12.858	      5.141
    12.540	      6.202
    12.223	      7.617
    11.905	      9.113
    11.588	     10.482
    11.270	     12.337
    10.953	     13.344
    10.635	     14.401
    10.318	     14.536
    10.000	     14.679
     9.683	     14.628
     9.365	     13.752
     9.048	     13.397
     8.730	     12.517
     8.413	     12.566
     8.096	     11.651
     7.778	     10.659
     7.461	     11.066
     7.143	     10.901
     6.826	      9.409
     6.508	      8.358
     6.191	      6.709
     5.873	      5.696
     5.556	      4.388
     5.238	      3.090
     4.921	      2.034
     4.603	      1.683
     4.286	      0.681
     3.968	     -0.048
     3.651	     -0.382
     3.333	     -0.178
     3.016	     -0.263
     2.699	      0.057
     2.381	     -0.083
     2.064	      0.261
     1.746	      0.131
     1.429	     -0.182
     1.111	      0.041
     0.794	     -0.016
     0.476	      0.194
     0.159	      0.123
    -0.159	      0.122
    -0.476	      0.120
    -0.794	      0.275
    -1.111	     -0.164
    -1.429	     -0.087
    -1.746	      0.269
    -2.064	      0.178
    -2.381	      0.019
    -2.699	     -0.063
    -3.016	      0.320
    -3.333	      0.162
    -3.651	     -0.584
    -3.968	     -0.079
    -4.286	      0.108
    -4.603	     -0.147
    -4.921	     -0.060
    -5.238	      0.202
    -5.556	      0.258
    -5.873	     -0.128
    -6.191	      0.527
    -6.508	     -0.428
    -6.826	      0.028
    -7.143	      0.258
    -7.461	     -0.108
    -7.778	     -0.407
    -8.096	     -0.184
    -8.413	      0.227
    -8.730	     -0.050
    -9.048	     -0.086
    -9.365	     -0.295
    -9.683	      0.106
   -10.000	      0.012
   -10.318	     -0.208
   -10.635	     -0.179
   -10.953	     -0.146
   -11.270	     -0.082
   -11.588	      0.132
   -11.905	     -0.073
   -12.223	      0.058
   -12.540	     -0.138
   -12.858	      0.198
   -13.175	      0.018
   -13.493	      0.160
   -13.810	     -0.142
   -14.128	     -0.129
   -14.445	     -0.251
   -14.762	      0.290
   -15.080	      0.165
   -15.397	     -0.047
   -15.715	     -0.283
   -16.032	     -0.175
   -16.350	     -0.068
   -16.667	     -0.022
   -16.985	      0.183
   -17.302	     -0.247
   -17.620	      0.304
   -17.937	      0.028
   -18.255	      0.174
   -18.572	     -0.353
   -18.890	     -0.141
   -19.207	      0.183
   -19.525	     -0.170
   -19.842	     -0.110
   -20.159	     -0.036
   -20.477	     -0.138
   -20.794	     -0.071
   -21.112	      0.126
   -21.429	      0.110
   -21.747	      0.000
   -22.064	      0.154
   -22.382	      0.158
   -22.699	      0.107
   -23.017	      0.096
   -23.334	      0.056
   -23.652	     -0.256
   -23.969	      0.291
   -24.287	      0.212
   -24.604	     -0.150
   -24.922	     -0.327
   -25.239	      0.519
   -25.556	     -0.083
   -25.874	     -0.238
   -26.191	     -0.463
   -26.509	      0.102
   -26.826	     -0.239
   -27.144	     -0.189
   -27.461	     -0.136
   -27.779	      0.240
   -28.096	      0.089
   -28.414	     -0.386
   -28.731	      0.046
   -29.049	      0.204
   -29.366	     -0.213
   -29.684	      0.226
   -30.001	      0.214
   -30.319	      0.049
   -30.636	      0.478
   -30.954	     -0.144
   -31.271	     -0.225
   -31.588	     -0.029
   -31.906	      0.328
   -32.223	      0.288
   -32.541	      0.164
   -32.858	     -0.101
   -33.176	     -0.206
   -33.493	      0.167
   -33.811	      0.320
   -34.128	      0.212
   -34.446	     -0.579
   -34.763	     -0.195
   -35.081	      0.183
   -35.398	      0.035
   -35.716	     -0.159
   -36.033	     -0.267
   -36.351	      0.143
   -36.668	      0.044
   -36.985	     -0.169
   -37.303	     -0.401
   -37.620	      0.229
   -37.938	     -0.131
   -38.255	     -0.093
   -38.573	     -0.007
   -38.890	      0.514
   -39.208	      0.152
   -39.525	     -0.249
   -39.843	     -0.031
   -40.160	     -0.469
   -40.478	      0.123