
fmt: 15 
sourcenm: Orion 
comnt:   
obsname: AE 
iscan: 111.000000 
quality: 0 
year: 2019 
month: 3 
day: 27 
ut: 20.425571 
lst: 4.053481 
integ: 300.183990 
fonoff: 15.000000 
caltime: 5.000000 
azs: 43.134636 
els: 54.509880 
azo: 45.545319 
elo: 53.273846 
epoch: 1950 
ras: 5.553777 
dels: -5.350188 
lii: 208.996002 
bii: -19.260527 
rao: 5.679664 
delo: -5.165611 
liio: 209.727371 
biio: -17.503206 
dhomphi: 0.000000 
dhomthe: 1.000000 
bw: 0.125000 
grid: 1 
nsumup: 0 
L(on1): 0.000000 
L(on2): 0.000000 
B(on1): 0.000000 
B(on2): 0.000000 
L(off1): 0.000000 
L(off2): 0.000000 
B(off1): 0.000000 
B(off2): 0.000000 
coscor: 1 
fcoord: 0 
molnm: 12 CO 
frest: 115271.201000 
harm: 11.000000 
harm2: 2.000000 
harm3: 1.000000 
lock: -1 
sbxif1: -125.000000 
vant: 43.492462 
vlsr: 0.000000 
locif: 60.000000 
offrq: 0.000000 
synth: 5230.430812 
rsynth: 5230.430812 
upfrq: 0.000000 
center: 127.500000 
nchf1: 127.500000 
delf: 0.122070 
nch: 256 
fcus: -16.723133 
fcur: -16.723133 
fcls: -266.723145 
fclr: -266.723145 
tcal: 169.253433 
twat: 298.225128 
tsys: 226.985077 
tchp: 295.000000 
humidity: 39.000000 
eta: 0.890385 
tauw: 0.239478 
taus: 0.298000 
taui: 0.113500 
tc: 169.182205 
tambF: 77.540001 
tp[0]: 845.037292 
t_tp[0]: 30.018400 
dnoise: -1.801021 
baseord: 1 
dipdata[0]: 0.089640 
dipdata[1]: 0.057344 
dipdata[2]: 0.034383 
dipn: 9 
dipaz: 350.000000 
dipel: 23.578186 
dipda: 1.000000 
diptp: 0.605968 
dipy: 2019 
dipm: 3 
dipd: 27 
diput: 19.629694 
vs_chan: 1 
rms: 0.000000 
sum_wgts: 0.000000 
fb50off: 0.000000 
xba: 0.000000 
yba: 0.000000 
asdaz: 0.000000 
asdel: 0.000000 
clouds: 0 
woff_integ[0]: 0.000000 
woff_integ[1]: 0.000000 
woff_tp[0]: 0.000000 
woff_tp[1]: 0.000000 
fb50off: 0.000000 
FBsplit: 0 

    40.478	     -0.110
    40.160	      0.260
    39.843	     -0.182
    39.525	     -0.226
    39.208	     -0.029
    38.890	      0.006
    38.573	     -0.170
    38.255	      0.097
    37.938	      0.030
    37.620	      0.045
    37.303	     -0.331
    36.985	     -0.194
    36.668	      0.048
    36.351	     -0.003
    36.033	     -0.067
    35.716	      0.003
    35.398	     -0.196
    35.081	     -0.157
    34.763	     -0.053
    34.446	     -0.778
    34.128	     -0.327
    33.811	     -0.200
    33.493	      0.271
    33.176	     -0.471
    32.858	      0.474
    32.541	      0.235
    32.223	      0.157
    31.906	     -0.076
    31.588	      0.115
    31.271	      0.084
    30.954	     -0.033
    30.636	     -0.161
    30.319	     -0.432
    30.001	      0.026
    29.684	      0.170
    29.366	      0.018
    29.049	      0.607
    28.731	      0.124
    28.414	      0.160
    28.096	      0.032
    27.779	      0.237
    27.461	     -0.190
    27.144	      0.402
    26.826	      0.201
    26.509	      0.273
    26.191	      0.292
    25.874	      0.230
    25.556	      0.017
    25.239	      0.081
    24.922	     -0.078
    24.604	     -0.481
    24.287	      0.067
    23.969	      0.371
    23.652	     -0.108
    23.334	      0.188
    23.017	      0.146
    22.699	      0.072
    22.382	      0.087
    22.064	     -0.336
    21.747	      0.140
    21.429	      0.020
    21.112	      0.050
    20.794	      0.297
    20.477	     -0.498
    20.159	      0.049
    19.842	     -0.069
    19.525	      0.365
    19.207	      0.230
    18.890	      0.055
    18.572	     -0.018
    18.255	      0.153
    17.937	      0.362
    17.620	     -0.055
    17.302	      0.192
    16.985	      0.166
    16.667	     -0.256
    16.350	     -0.313
    16.032	      0.272
    15.715	      0.250
    15.397	      0.337
    15.080	      0.828
    14.762	      0.261
    14.445	      0.619
    14.127	      0.274
    13.810	      0.926
    13.493	      1.479
    13.175	      1.496
    12.858	      2.913
    12.540	      5.029
    12.223	      6.671
    11.905	      8.523
    11.588	     11.044
    11.270	     12.770
    10.953	     15.316
    10.635	     16.607
    10.318	     17.591
    10.000	     18.499
     9.683	     20.685
     9.365	     20.196
     9.048	     19.429
     8.730	     17.526
     8.413	     16.175
     8.096	     14.011
     7.778	     12.402
     7.461	     10.300
     7.143	      9.410
     6.826	      8.101
     6.508	      6.214
     6.191	      4.961
     5.873	      3.496
     5.556	      2.551
     5.238	      2.806
     4.921	      1.988
     4.603	      1.216
     4.286	      0.328
     3.968	      0.509
     3.651	     -0.466
     3.333	     -0.755
     3.016	     -0.400
     2.699	     -0.180
     2.381	     -0.244
     2.064	      0.215
     1.746	      0.355
     1.429	     -0.169
     1.111	      0.242
     0.794	      0.323
     0.476	     -0.462
     0.159	     -0.108
    -0.159	      0.175
    -0.476	      0.458
    -0.794	      0.269
    -1.111	      0.238
    -1.429	      0.544
    -1.746	      0.523
    -2.064	     -0.264
    -2.381	     -0.134
    -2.699	     -0.363
    -3.016	      0.429
    -3.333	      0.082
    -3.651	      0.020
    -3.968	      0.342
    -4.286	     -0.404
    -4.603	     -0.308
    -4.921	      0.494
    -5.238	     -0.063
    -5.556	     -0.409
    -5.873	     -0.403
    -6.191	     -0.065
    -6.508	      0.112
    -6.826	      0.287
    -7.143	     -0.138
    -7.461	     -0.558
    -7.778	      0.106
    -8.096	     -0.324
    -8.413	     -0.198
    -8.730	     -0.184
    -9.048	      0.161
    -9.365	     -0.201
    -9.683	     -0.207
   -10.000	     -0.307
   -10.318	     -0.160
   -10.635	     -0.318
   -10.953	     -0.070
   -11.270	     -0.172
   -11.588	     -0.468
   -11.905	     -0.445
   -12.223	     -0.053
   -12.540	      0.012
   -12.858	     -0.142
   -13.175	     -0.159
   -13.493	     -0.188
   -13.810	     -0.276
   -14.128	      0.089
   -14.445	     -0.050
   -14.762	      0.347
   -15.080	      0.079
   -15.397	     -0.288
   -15.715	     -0.057
   -16.032	     -0.068
   -16.350	     -0.044
   -16.667	     -0.229
   -16.985	      0.240
   -17.302	     -0.013
   -17.620	     -0.005
   -17.937	     -0.224
   -18.255	      0.308
   -18.572	      0.194
   -18.890	     -0.275
   -19.207	      0.493
   -19.525	     -0.263
   -19.842	      0.115
   -20.159	      0.354
   -20.477	      0.091
   -20.794	      0.113
   -21.112	     -0.326
   -21.429	      0.044
   -21.747	      0.331
   -22.064	      0.105
   -22.382	     -0.179
   -22.699	      0.301
   -23.017	      0.140
   -23.334	      0.322
   -23.652	     -0.293
   -23.969	      0.000
   -24.287	      0.354
   -24.604	     -0.003
   -24.922	     -0.127
   -25.239	      0.289
   -25.556	      0.079
   -25.874	     -0.050
   -26.191	      0.041
   -26.509	     -0.453
   -26.826	     -0.365
   -27.144	     -0.217
   -27.461	      0.308
   -27.779	     -0.472
   -28.096	      0.411
   -28.414	     -0.153
   -28.731	     -0.108
   -29.049	      0.051
   -29.366	      0.043
   -29.684	     -0.031
   -30.001	      0.322
   -30.319	      0.006
   -30.636	      0.569
   -30.954	     -0.021
   -31.271	     -0.021
   -31.588	     -0.001
   -31.906	      0.087
   -32.223	      0.116
   -32.541	      0.142
   -32.858	      0.177
   -33.176	     -0.466
   -33.493	     -0.792
   -33.811	     -0.071
   -34.128	     -0.005
   -34.446	      0.062
   -34.763	     -0.183
   -35.081	      0.139
   -35.398	     -0.322
   -35.716	      0.227
   -36.033	      0.168
   -36.351	     -0.374
   -36.668	     -0.377
   -36.985	     -0.002
   -37.303	     -0.072
   -37.620	      0.361
   -37.938	      0.225
   -38.255	     -0.123
   -38.573	     -0.156
   -38.890	      0.301
   -39.208	      0.258
   -39.525	      0.268
   -39.843	     -0.191
   -40.160	      0.255
   -40.478	      0.410