
fmt: 15 
sourcenm: Orion 
comnt:   
obsname: AE 
iscan: 122.000000 
quality: 0 
year: 2019 
month: 3 
day: 27 
ut: 22.146765 
lst: 5.779386 
integ: 300.183990 
fonoff: 15.000000 
caltime: 5.000000 
azs: 354.724823 
els: 61.752113 
azo: 359.061768 
elo: 61.741009 
epoch: 1950 
ras: 5.542506 
dels: -5.296109 
lii: 208.863495 
bii: -19.385527 
rao: 5.679664 
delo: -5.165611 
liio: 209.727371 
biio: -17.503206 
dhomphi: -1.000000 
dhomthe: 0.000000 
bw: 0.125000 
grid: 1 
nsumup: 0 
L(on1): 0.000000 
L(on2): 0.000000 
B(on1): 0.000000 
B(on2): 0.000000 
L(off1): 0.000000 
L(off2): 0.000000 
B(off1): 0.000000 
B(off2): 0.000000 
coscor: 1 
fcoord: 0 
molnm: 12 CO 
frest: 115271.201000 
harm: 11.000000 
harm2: 2.000000 
harm3: 1.000000 
lock: -1 
sbxif1: -125.000000 
vant: 43.618011 
vlsr: 0.000000 
locif: 60.000000 
offrq: 0.000000 
synth: 5230.428618 
rsynth: 5230.428618 
upfrq: 0.000000 
center: 127.500000 
nchf1: 127.500000 
delf: 0.122070 
nch: 256 
fcus: -16.771408 
fcur: -16.771408 
fcls: -266.771423 
fclr: -266.771423 
tcal: 168.492203 
twat: 298.225128 
tsys: 226.985077 
tchp: 295.000000 
humidity: 39.000000 
eta: 0.890385 
tauw: 0.239478 
taus: 0.298000 
taui: 0.113500 
tc: 168.401321 
tambF: 77.540001 
tp[0]: 782.366455 
t_tp[0]: 30.018400 
dnoise: 0.770669 
baseord: 1 
dipdata[0]: 0.089640 
dipdata[1]: 0.057344 
dipdata[2]: 0.034383 
dipn: 9 
dipaz: 350.000000 
dipel: 23.578186 
dipda: 1.000000 
diptp: 0.605968 
dipy: 2019 
dipm: 3 
dipd: 27 
diput: 19.629694 
vs_chan: 1 
rms: 0.000000 
sum_wgts: 0.000000 
fb50off: 0.000000 
xba: 0.000000 
yba: 0.000000 
asdaz: 0.000000 
asdel: 0.000000 
clouds: 0 
woff_integ[0]: 0.000000 
woff_integ[1]: 0.000000 
woff_tp[0]: 0.000000 
woff_tp[1]: 0.000000 
fb50off: 0.000000 
FBsplit: 0 

    40.478	     -0.015
    40.160	     -0.008
    39.843	      0.065
    39.525	     -0.262
    39.208	     -0.093
    38.890	     -0.116
    38.573	     -0.447
    38.255	      0.156
    37.938	     -0.273
    37.620	     -0.301
    37.303	     -0.557
    36.985	      0.426
    36.668	      0.526
    36.351	      0.599
    36.033	     -0.354
    35.716	      0.007
    35.398	     -0.041
    35.081	      0.129
    34.763	     -0.548
    34.446	     -0.082
    34.128	     -0.049
    33.811	     -0.053
    33.493	      0.034
    33.176	      0.042
    32.858	     -0.287
    32.541	     -0.087
    32.223	      0.010
    31.906	      0.351
    31.588	      0.170
    31.271	     -0.334
    30.954	     -0.251
    30.636	     -0.039
    30.319	     -0.034
    30.001	      0.009
    29.684	      0.218
    29.366	      0.049
    29.049	      0.271
    28.731	      0.311
    28.414	     -0.419
    28.096	     -0.097
    27.779	      0.261
    27.461	     -0.050
    27.144	      0.108
    26.826	      0.024
    26.509	      0.531
    26.191	      0.038
    25.874	      0.222
    25.556	     -0.263
    25.239	     -0.284
    24.922	      0.193
    24.604	     -0.009
    24.287	      0.043
    23.969	      0.329
    23.652	     -0.212
    23.334	     -0.079
    23.017	     -0.220
    22.699	     -0.006
    22.382	      0.215
    22.064	     -0.156
    21.747	      0.248
    21.429	     -0.159
    21.112	      0.025
    20.794	      0.756
    20.477	      0.453
    20.159	     -0.471
    19.842	      0.075
    19.525	      0.430
    19.207	      0.170
    18.890	      0.364
    18.572	     -0.033
    18.255	     -0.041
    17.937	      0.131
    17.620	      0.047
    17.302	     -0.216
    16.985	     -0.294
    16.667	     -0.161
    16.350	      0.379
    16.032	      0.022
    15.715	     -0.252
    15.397	      0.159
    15.080	      0.461
    14.762	     -0.141
    14.445	      0.072
    14.127	      0.000
    13.810	      0.452
    13.493	      0.499
    13.175	      1.160
    12.858	      1.397
    12.540	      3.503
    12.223	      4.488
    11.905	      6.717
    11.588	      8.839
    11.270	     12.081
    10.953	     15.108
    10.635	     17.125
    10.318	     18.771
    10.000	     19.302
     9.683	     20.092
     9.365	     19.666
     9.048	     18.390
     8.730	     17.063
     8.413	     16.235
     8.096	     14.552
     7.778	     13.031
     7.461	     11.064
     7.143	      8.492
     6.826	      5.846
     6.508	      3.333
     6.191	      2.245
     5.873	      1.136
     5.556	      1.194
     5.238	      1.114
     4.921	      0.279
     4.603	      0.171
     4.286	      0.244
     3.968	      0.065
     3.651	     -0.378
     3.333	     -0.549
     3.016	     -0.632
     2.699	     -0.334
     2.381	     -0.247
     2.064	     -0.149
     1.746	      0.043
     1.429	     -0.345
     1.111	     -0.053
     0.794	      0.351
     0.476	      0.518
     0.159	      0.313
    -0.159	      0.033
    -0.476	     -0.246
    -0.794	     -0.220
    -1.111	      0.618
    -1.429	     -0.311
    -1.746	     -0.229
    -2.064	      0.181
    -2.381	      0.787
    -2.699	     -0.340
    -3.016	     -0.347
    -3.333	      0.251
    -3.651	     -0.105
    -3.968	     -0.237
    -4.286	     -0.156
    -4.603	      0.257
    -4.921	      0.119
    -5.238	     -0.573
    -5.556	     -0.133
    -5.873	      0.176
    -6.191	      0.064
    -6.508	      0.309
    -6.826	     -0.244
    -7.143	     -0.030
    -7.461	     -0.329
    -7.778	     -0.347
    -8.096	     -0.499
    -8.413	     -0.418
    -8.730	      0.130
    -9.048	      0.045
    -9.365	     -0.155
    -9.683	      0.001
   -10.000	     -0.281
   -10.318	     -0.221
   -10.635	      0.228
   -10.953	     -0.260
   -11.270	      0.092
   -11.588	     -0.476
   -11.905	      0.087
   -12.223	     -0.587
   -12.540	     -0.597
   -12.858	     -0.226
   -13.175	     -0.009
   -13.493	     -0.207
   -13.810	      0.157
   -14.128	     -0.218
   -14.445	     -0.301
   -14.762	      0.026
   -15.080	     -0.014
   -15.397	      0.159
   -15.715	      0.105
   -16.032	      0.363
   -16.350	      0.121
   -16.667	      0.196
   -16.985	      0.084
   -17.302	      0.442
   -17.620	      0.124
   -17.937	      0.219
   -18.255	     -0.067
   -18.572	      0.005
   -18.890	      0.114
   -19.207	      0.562
   -19.525	      0.063
   -19.842	      0.348
   -20.159	     -0.237
   -20.477	     -0.357
   -20.794	     -0.090
   -21.112	     -0.243
   -21.429	      0.008
   -21.747	     -0.050
   -22.064	      0.115
   -22.382	      0.194
   -22.699	      0.449
   -23.017	     -0.067
   -23.334	     -0.113
   -23.652	      0.059
   -23.969	      0.151
   -24.287	     -0.296
   -24.604	     -0.075
   -24.922	      0.076
   -25.239	     -0.128
   -25.556	      0.024
   -25.874	      0.412
   -26.191	      0.076
   -26.509	      0.132
   -26.826	      0.145
   -27.144	      0.296
   -27.461	     -0.082
   -27.779	      0.022
   -28.096	     -0.095
   -28.414	      0.185
   -28.731	      0.360
   -29.049	      0.329
   -29.366	      0.320
   -29.684	      0.002
   -30.001	     -0.129
   -30.319	     -0.213
   -30.636	     -0.104
   -30.954	      0.108
   -31.271	     -0.056
   -31.588	      0.187
   -31.906	     -0.180
   -32.223	      0.480
   -32.541	     -0.016
   -32.858	     -0.360
   -33.176	     -0.018
   -33.493	     -0.451
   -33.811	     -0.009
   -34.128	     -0.453
   -34.446	     -0.199
   -34.763	     -0.044
   -35.081	      0.258
   -35.398	      0.026
   -35.716	     -0.055
   -36.033	     -0.007
   -36.351	      0.133
   -36.668	      0.016
   -36.985	     -0.414
   -37.303	     -0.449
   -37.620	      0.324
   -37.938	      0.174
   -38.255	      0.211
   -38.573	      0.515
   -38.890	     -0.091
   -39.208	      0.032
   -39.525	     -0.129
   -39.843	      0.258
   -40.160	     -0.298
   -40.478	     -0.414