
fmt: 15 
sourcenm: Orion 
comnt:   
obsname: AE 
iscan: 120.000000 
quality: 0 
year: 2019 
month: 3 
day: 27 
ut: 21.435211 
lst: 5.065889 
integ: 300.183990 
fonoff: 15.000000 
caltime: 5.000000 
azs: 16.923128 
els: 61.073364 
azo: 20.894842 
elo: 60.238525 
epoch: 1950 
ras: 5.538884 
dels: -5.464371 
lii: 208.996002 
bii: -19.510527 
rao: 5.679664 
delo: -5.165611 
liio: 209.727371 
biio: -17.503206 
dhomphi: 0.000000 
dhomthe: -1.000000 
bw: 0.125000 
grid: 1 
nsumup: 0 
L(on1): 0.000000 
L(on2): 0.000000 
B(on1): 0.000000 
B(on2): 0.000000 
L(off1): 0.000000 
L(off2): 0.000000 
B(off1): 0.000000 
B(off2): 0.000000 
coscor: 1 
fcoord: 0 
molnm: 12 CO 
frest: 115271.201000 
harm: 11.000000 
harm2: 2.000000 
harm3: 1.000000 
lock: -1 
sbxif1: -125.000000 
vant: 43.533077 
vlsr: 0.000000 
locif: 60.000000 
offrq: 0.000000 
synth: 5230.430102 
rsynth: 5230.430102 
upfrq: 0.000000 
center: 127.500000 
nchf1: 127.500000 
delf: 0.122070 
nch: 256 
fcus: -16.738752 
fcur: -16.738752 
fcls: -266.738739 
fclr: -266.738739 
tcal: 168.551758 
twat: 298.225128 
tsys: 226.985077 
tchp: 295.000000 
humidity: 39.000000 
eta: 0.890385 
tauw: 0.239478 
taus: 0.298000 
taui: 0.113500 
tc: 167.119644 
tambF: 77.540001 
tp[0]: 799.072693 
t_tp[0]: 30.018400 
dnoise: -0.885466 
baseord: 1 
dipdata[0]: 0.089640 
dipdata[1]: 0.057344 
dipdata[2]: 0.034383 
dipn: 9 
dipaz: 350.000000 
dipel: 23.578186 
dipda: 1.000000 
diptp: 0.605968 
dipy: 2019 
dipm: 3 
dipd: 27 
diput: 19.629694 
vs_chan: 1 
rms: 0.000000 
sum_wgts: 0.000000 
fb50off: 0.000000 
xba: 0.000000 
yba: 0.000000 
asdaz: 0.000000 
asdel: 0.000000 
clouds: 0 
woff_integ[0]: 0.000000 
woff_integ[1]: 0.000000 
woff_tp[0]: 0.000000 
woff_tp[1]: 0.000000 
fb50off: 0.000000 
FBsplit: 0 

    40.478	     -0.341
    40.160	      0.158
    39.843	     -0.090
    39.525	     -0.211
    39.208	     -0.291
    38.890	      0.015
    38.573	     -0.081
    38.255	     -0.179
    37.938	      0.230
    37.620	     -0.335
    37.303	      0.169
    36.985	      0.096
    36.668	     -0.328
    36.351	      0.074
    36.033	     -0.169
    35.716	     -0.001
    35.398	      0.292
    35.081	     -0.040
    34.763	     -0.132
    34.446	      0.000
    34.128	      0.167
    33.811	     -0.261
    33.493	     -0.227
    33.176	      0.015
    32.858	     -0.343
    32.541	     -0.191
    32.223	     -0.099
    31.906	     -0.009
    31.588	     -0.361
    31.271	      0.199
    30.954	      0.457
    30.636	      0.154
    30.319	      0.009
    30.001	     -0.326
    29.684	      0.242
    29.366	     -0.054
    29.049	     -0.043
    28.731	     -0.635
    28.414	      0.011
    28.096	      0.157
    27.779	      0.432
    27.461	      0.287
    27.144	     -0.613
    26.826	      0.168
    26.509	      0.395
    26.191	     -0.152
    25.874	     -0.044
    25.556	      0.170
    25.239	      0.008
    24.922	      0.282
    24.604	     -0.184
    24.287	      0.139
    23.969	     -0.420
    23.652	     -0.042
    23.334	      0.086
    23.017	      0.438
    22.699	      0.382
    22.382	      0.191
    22.064	     -0.207
    21.747	      0.115
    21.429	      0.062
    21.112	      0.110
    20.794	     -0.129
    20.477	     -0.082
    20.159	      0.330
    19.842	     -0.095
    19.525	      0.407
    19.207	     -0.092
    18.890	     -0.010
    18.572	     -0.104
    18.255	      0.345
    17.937	      0.317
    17.620	      0.012
    17.302	     -0.051
    16.985	      0.161
    16.667	      0.041
    16.350	      0.119
    16.032	      0.196
    15.715	      0.215
    15.397	      0.500
    15.080	      0.103
    14.762	      0.483
    14.445	      0.791
    14.128	      0.380
    13.810	      1.091
    13.493	      1.656
    13.175	      2.128
    12.858	      3.038
    12.540	      3.625
    12.223	      4.640
    11.905	      4.641
    11.588	      5.373
    11.270	      5.780
    10.953	      6.518
    10.635	      7.304
    10.318	      9.109
    10.000	     10.221
     9.683	     11.322
     9.365	     12.053
     9.048	     12.623
     8.730	     12.025
     8.413	     11.389
     8.096	     10.413
     7.778	      8.800
     7.461	      6.906
     7.143	      5.392
     6.826	      3.135
     6.508	      1.655
     6.191	      0.486
     5.873	      0.309
     5.556	      0.444
     5.238	      0.513
     4.921	      0.580
     4.603	      0.142
     4.286	     -0.596
     3.968	     -0.183
     3.651	     -0.760
     3.333	     -0.498
     3.016	     -0.992
     2.699	      0.021
     2.381	      0.415
     2.064	      0.501
     1.746	     -0.463
     1.429	      0.294
     1.111	      0.216
     0.794	      0.121
     0.476	     -0.106
     0.159	      0.182
    -0.159	      0.285
    -0.476	      0.387
    -0.794	     -0.580
    -1.111	     -0.092
    -1.429	     -0.235
    -1.746	     -0.184
    -2.064	      0.649
    -2.381	      0.357
    -2.699	      0.148
    -3.016	     -0.271
    -3.333	      0.246
    -3.651	      0.044
    -3.968	      0.024
    -4.286	      0.098
    -4.603	     -0.275
    -4.921	      0.098
    -5.238	     -0.090
    -5.556	      0.452
    -5.873	     -0.132
    -6.191	     -0.277
    -6.508	     -0.194
    -6.826	     -0.236
    -7.143	     -0.182
    -7.461	     -0.402
    -7.778	     -0.087
    -8.096	     -0.165
    -8.413	      0.053
    -8.730	      0.168
    -9.048	     -0.073
    -9.365	     -0.190
    -9.683	     -0.196
   -10.000	     -0.070
   -10.318	      0.358
   -10.635	      0.185
   -10.953	      0.364
   -11.270	     -0.135
   -11.588	     -0.145
   -11.905	     -0.057
   -12.223	     -0.275
   -12.540	      0.306
   -12.858	     -0.022
   -13.175	      0.061
   -13.493	     -0.069
   -13.810	      0.154
   -14.127	     -0.219
   -14.445	     -0.193
   -14.762	      0.315
   -15.080	     -0.020
   -15.397	      0.099
   -15.715	      0.038
   -16.032	      0.321
   -16.350	      0.111
   -16.667	      0.004
   -16.985	     -0.172
   -17.302	      0.166
   -17.620	      0.285
   -17.937	     -0.693
   -18.255	      0.115
   -18.572	      0.037
   -18.890	     -0.120
   -19.207	     -0.253
   -19.525	      0.384
   -19.842	     -0.194
   -20.159	     -0.101
   -20.477	     -0.278
   -20.794	     -0.235
   -21.112	      0.341
   -21.429	     -0.125
   -21.747	      0.130
   -22.064	     -0.042
   -22.382	      0.031
   -22.699	     -0.089
   -23.017	     -0.233
   -23.334	     -0.117
   -23.652	      0.340
   -23.969	      0.212
   -24.287	      0.156
   -24.604	     -0.100
   -24.922	     -0.201
   -25.239	      0.429
   -25.556	      0.154
   -25.874	     -0.178
   -26.191	     -0.018
   -26.509	      0.070
   -26.826	     -0.205
   -27.144	     -0.273
   -27.461	     -0.138
   -27.779	     -0.095
   -28.096	      0.176
   -28.414	      0.321
   -28.731	      0.164
   -29.049	      0.458
   -29.366	     -0.110
   -29.684	     -0.414
   -30.001	      0.028
   -30.319	      0.404
   -30.636	      0.001
   -30.954	     -0.007
   -31.271	      0.060
   -31.588	     -0.375
   -31.906	     -0.331
   -32.223	     -0.077
   -32.541	      0.043
   -32.858	     -0.279
   -33.176	      0.002
   -33.493	     -0.161
   -33.811	     -0.036
   -34.128	      0.119
   -34.446	     -0.121
   -34.763	      0.263
   -35.081	     -0.025
   -35.398	      0.179
   -35.716	     -0.403
   -36.033	      0.080
   -36.351	     -0.233
   -36.668	     -0.253
   -36.985	     -0.134
   -37.303	      0.095
   -37.620	      0.384
   -37.938	     -0.066
   -38.255	     -0.081
   -38.573	      0.278
   -38.890	      0.222
   -39.208	     -0.070
   -39.525	     -0.507
   -39.843	     -0.144
   -40.160	      0.150
   -40.478	      0.259