
fmt: 15 
sourcenm: Orion 
comnt:   
obsname: AE 
iscan: 117.000000 
quality: 0 
year: 2019 
month: 3 
day: 27 
ut: 21.097467 
lst: 4.727217 
integ: 300.183990 
fonoff: 15.000000 
caltime: 5.000000 
azs: 26.600729 
els: 59.347656 
azo: 30.145327 
elo: 58.433460 
epoch: 1950 
ras: 5.542506 
dels: -5.296109 
lii: 208.863495 
bii: -19.385527 
rao: 5.679664 
delo: -5.165611 
liio: 209.727371 
biio: -17.503206 
dhomphi: -1.000000 
dhomthe: 0.000000 
bw: 0.125000 
grid: 1 
nsumup: 0 
L(on1): 0.000000 
L(on2): 0.000000 
B(on1): 0.000000 
B(on2): 0.000000 
L(off1): 0.000000 
L(off2): 0.000000 
B(off1): 0.000000 
B(off2): 0.000000 
coscor: 1 
fcoord: 0 
molnm: 12 CO 
frest: 115271.201000 
harm: 11.000000 
harm2: 2.000000 
harm3: 1.000000 
lock: -1 
sbxif1: -125.000000 
vant: 43.529640 
vlsr: 0.000000 
locif: 60.000000 
offrq: 0.000000 
synth: 5230.430162 
rsynth: 5230.430162 
upfrq: 0.000000 
center: 127.500000 
nchf1: 127.500000 
delf: 0.122070 
nch: 256 
fcus: -16.737429 
fcur: -16.737429 
fcls: -266.737427 
fclr: -266.737427 
tcal: 168.713272 
twat: 298.225128 
tsys: 226.985077 
tchp: 295.000000 
humidity: 39.000000 
eta: 0.890385 
tauw: 0.239478 
taus: 0.298000 
taui: 0.113500 
tc: 167.919174 
tambF: 77.540001 
tp[0]: 808.844666 
t_tp[0]: 30.018400 
dnoise: -0.512045 
baseord: 1 
dipdata[0]: 0.089640 
dipdata[1]: 0.057344 
dipdata[2]: 0.034383 
dipn: 9 
dipaz: 350.000000 
dipel: 23.578186 
dipda: 1.000000 
diptp: 0.605968 
dipy: 2019 
dipm: 3 
dipd: 27 
diput: 19.629694 
vs_chan: 1 
rms: 0.000000 
sum_wgts: 0.000000 
fb50off: 0.000000 
xba: 0.000000 
yba: 0.000000 
asdaz: 0.000000 
asdel: 0.000000 
clouds: 0 
woff_integ[0]: 0.000000 
woff_integ[1]: 0.000000 
woff_tp[0]: 0.000000 
woff_tp[1]: 0.000000 
fb50off: 0.000000 
FBsplit: 0 

    40.478	     -0.411
    40.160	      0.224
    39.843	     -0.153
    39.525	     -0.289
    39.208	     -0.392
    38.890	      0.188
    38.573	      0.341
    38.255	      0.472
    37.938	      0.267
    37.620	      0.213
    37.303	     -0.319
    36.985	      0.111
    36.668	     -0.637
    36.351	     -0.340
    36.033	     -0.073
    35.716	     -0.115
    35.398	      0.143
    35.081	      0.243
    34.763	      0.313
    34.446	      0.191
    34.128	      0.252
    33.811	     -0.526
    33.493	      0.235
    33.176	     -0.289
    32.858	     -0.006
    32.541	      0.165
    32.223	     -0.024
    31.906	      0.089
    31.588	      0.320
    31.271	     -0.310
    30.954	     -0.185
    30.636	      0.217
    30.319	     -0.079
    30.001	      0.008
    29.684	     -0.123
    29.366	     -0.052
    29.049	     -0.259
    28.731	     -0.217
    28.414	      0.317
    28.096	     -0.257
    27.779	      0.676
    27.461	     -0.093
    27.144	      0.427
    26.826	      0.262
    26.509	     -0.287
    26.191	     -0.354
    25.874	      0.276
    25.556	     -0.237
    25.239	      0.340
    24.922	      0.201
    24.604	      0.103
    24.287	      0.132
    23.969	      0.270
    23.652	      0.614
    23.334	      0.123
    23.017	     -0.169
    22.699	      0.009
    22.382	      0.155
    22.064	     -0.361
    21.747	     -0.343
    21.429	      0.640
    21.112	      0.208
    20.794	     -0.306
    20.477	      0.311
    20.159	     -0.206
    19.842	     -0.167
    19.525	     -0.054
    19.207	      0.017
    18.890	      0.143
    18.572	     -0.238
    18.255	      0.233
    17.937	     -0.164
    17.620	     -0.047
    17.302	     -0.102
    16.985	     -0.012
    16.667	      0.155
    16.350	     -0.062
    16.032	      0.284
    15.715	      0.198
    15.397	      0.268
    15.080	      0.324
    14.762	      0.209
    14.445	      0.130
    14.127	     -0.025
    13.810	      0.323
    13.493	      0.410
    13.175	      0.796
    12.858	      1.636
    12.540	      2.427
    12.223	      3.992
    11.905	      5.506
    11.588	      7.911
    11.270	     11.115
    10.953	     13.760
    10.635	     16.568
    10.318	     17.717
    10.000	     18.215
     9.683	     18.480
     9.365	     17.814
     9.048	     16.854
     8.730	     15.376
     8.413	     14.197
     8.096	     13.450
     7.778	     12.040
     7.461	      9.343
     7.143	      8.112
     6.826	      5.770
     6.508	      3.136
     6.191	      1.141
     5.873	      0.533
     5.556	      0.679
     5.238	      0.669
     4.921	      0.025
     4.603	     -0.400
     4.286	      0.196
     3.968	     -1.038
     3.651	     -0.434
     3.333	     -0.596
     3.016	     -1.039
     2.699	     -0.265
     2.381	     -0.377
     2.064	      0.267
     1.746	     -0.026
     1.429	      0.233
     1.111	      0.306
     0.794	     -0.078
     0.476	     -0.258
     0.159	      0.058
    -0.159	     -0.090
    -0.476	     -0.238
    -0.794	     -0.301
    -1.111	      0.292
    -1.429	     -0.188
    -1.746	     -0.037
    -2.064	     -0.730
    -2.381	      0.330
    -2.699	     -0.366
    -3.016	     -0.184
    -3.333	     -0.234
    -3.651	     -0.271
    -3.968	     -0.063
    -4.286	      0.285
    -4.603	     -0.346
    -4.921	      0.116
    -5.238	      0.367
    -5.556	      0.189
    -5.873	     -0.183
    -6.191	     -0.010
    -6.508	      0.333
    -6.826	      0.488
    -7.143	     -0.002
    -7.461	     -0.316
    -7.778	     -0.163
    -8.096	     -0.482
    -8.413	     -0.100
    -8.730	     -0.097
    -9.048	     -0.048
    -9.365	     -0.453
    -9.683	      0.071
   -10.000	     -0.390
   -10.318	     -0.193
   -10.635	     -0.456
   -10.953	     -0.270
   -11.270	      0.146
   -11.588	      0.057
   -11.905	     -0.342
   -12.223	      0.306
   -12.540	      0.065
   -12.858	      0.175
   -13.175	      0.350
   -13.493	      0.118
   -13.810	     -0.028
   -14.128	     -0.132
   -14.445	     -0.200
   -14.762	     -0.215
   -15.080	      0.288
   -15.397	     -0.085
   -15.715	     -0.178
   -16.032	     -0.084
   -16.350	      0.194
   -16.667	      0.065
   -16.985	      0.179
   -17.302	     -0.189
   -17.620	      0.436
   -17.937	     -0.317
   -18.255	      0.520
   -18.572	     -0.197
   -18.890	     -0.205
   -19.207	      0.210
   -19.525	      0.307
   -19.842	     -0.079
   -20.159	     -0.279
   -20.477	     -0.203
   -20.794	      0.039
   -21.112	      0.271
   -21.429	     -0.352
   -21.747	     -0.557
   -22.064	      0.192
   -22.382	     -0.092
   -22.699	     -0.075
   -23.017	      0.116
   -23.334	     -0.414
   -23.652	     -0.359
   -23.969	     -0.040
   -24.287	     -0.142
   -24.604	     -0.377
   -24.922	     -0.147
   -25.239	      0.209
   -25.556	      0.406
   -25.874	     -0.140
   -26.191	      0.478
   -26.509	     -0.001
   -26.826	     -0.366
   -27.144	      0.048
   -27.461	     -0.038
   -27.779	      0.282
   -28.096	     -0.322
   -28.414	      0.166
   -28.731	      0.253
   -29.049	      0.447
   -29.366	     -0.089
   -29.684	     -0.202
   -30.001	      0.323
   -30.319	      0.052
   -30.636	     -0.084
   -30.954	     -0.083
   -31.271	     -0.021
   -31.588	      0.292
   -31.906	     -0.220
   -32.223	     -0.000
   -32.541	     -0.044
   -32.858	      0.023
   -33.176	      0.147
   -33.493	      0.395
   -33.811	      0.061
   -34.128	     -0.158
   -34.446	      0.035
   -34.763	      0.007
   -35.081	     -0.045
   -35.398	     -0.477
   -35.716	      0.108
   -36.033	      0.090
   -36.351	     -0.239
   -36.668	     -0.224
   -36.985	      0.220
   -37.303	      0.013
   -37.620	      0.358
   -37.938	      0.066
   -38.255	     -0.298
   -38.573	      0.091
   -38.890	      0.206
   -39.208	      0.305
   -39.525	      0.022
   -39.843	      0.625
   -40.160	      0.461
   -40.478	     -0.095