
fmt: 15 
sourcenm: Orion 
comnt:   
obsname: AE 
iscan: 115.000000 
quality: 0 
year: 2019 
month: 3 
day: 27 
ut: 20.866972 
lst: 4.496092 
integ: 300.183990 
fonoff: 15.000000 
caltime: 5.000000 
azs: 32.685814 
els: 58.107105 
azo: 35.881664 
elo: 56.870491 
epoch: 1950 
ras: 5.538884 
dels: -5.464371 
lii: 208.996002 
bii: -19.510527 
rao: 5.679664 
delo: -5.165611 
liio: 209.727371 
biio: -17.503206 
dhomphi: 0.000000 
dhomthe: -1.000000 
bw: 0.125000 
grid: 1 
nsumup: 0 
L(on1): 0.000000 
L(on2): 0.000000 
B(on1): 0.000000 
B(on2): 0.000000 
L(off1): 0.000000 
L(off2): 0.000000 
B(off1): 0.000000 
B(off2): 0.000000 
coscor: 1 
fcoord: 0 
molnm: 12 CO 
frest: 115271.201000 
harm: 11.000000 
harm2: 2.000000 
harm3: 1.000000 
lock: -1 
sbxif1: -125.000000 
vant: 43.486000 
vlsr: 0.000000 
locif: 60.000000 
offrq: 0.000000 
synth: 5230.430925 
rsynth: 5230.430925 
upfrq: 0.000000 
center: 127.500000 
nchf1: 127.500000 
delf: 0.122070 
nch: 256 
fcus: -16.720650 
fcur: -16.720650 
fcls: -266.720642 
fclr: -266.720642 
tcal: 168.838898 
twat: 298.225128 
tsys: 226.985077 
tchp: 295.000000 
humidity: 39.000000 
eta: 0.890385 
tauw: 0.239478 
taus: 0.298000 
taui: 0.113500 
tc: 168.704391 
tambF: 77.540001 
tp[0]: 813.169800 
t_tp[0]: 30.018400 
dnoise: -2.082480 
baseord: 1 
dipdata[0]: 0.089640 
dipdata[1]: 0.057344 
dipdata[2]: 0.034383 
dipn: 9 
dipaz: 350.000000 
dipel: 23.578186 
dipda: 1.000000 
diptp: 0.605968 
dipy: 2019 
dipm: 3 
dipd: 27 
diput: 19.629694 
vs_chan: 1 
rms: 0.000000 
sum_wgts: 0.000000 
fb50off: 0.000000 
xba: 0.000000 
yba: 0.000000 
asdaz: 0.000000 
asdel: 0.000000 
clouds: 0 
woff_integ[0]: 0.000000 
woff_integ[1]: 0.000000 
woff_tp[0]: 0.000000 
woff_tp[1]: 0.000000 
fb50off: 0.000000 
FBsplit: 0 

    40.478	      0.390
    40.160	      0.449
    39.843	      0.342
    39.525	     -0.278
    39.208	     -0.142
    38.890	     -0.332
    38.573	      0.643
    38.255	      0.195
    37.938	      0.030
    37.620	     -0.163
    37.303	      0.089
    36.985	      0.051
    36.668	     -0.091
    36.351	      0.252
    36.033	     -0.426
    35.716	     -0.191
    35.398	      0.020
    35.081	     -0.260
    34.763	     -0.290
    34.446	      0.470
    34.128	     -0.269
    33.811	      0.106
    33.493	      0.344
    33.176	     -0.518
    32.858	      0.231
    32.541	     -0.137
    32.223	     -0.059
    31.906	     -0.098
    31.588	     -0.024
    31.271	      0.166
    30.954	      0.054
    30.636	     -0.306
    30.319	     -0.683
    30.001	     -0.240
    29.684	     -0.186
    29.366	      0.052
    29.049	      0.015
    28.731	     -0.597
    28.414	     -0.135
    28.096	      0.335
    27.779	      0.537
    27.461	      0.051
    27.144	     -0.202
    26.826	     -0.096
    26.509	     -0.318
    26.191	     -0.287
    25.874	     -0.090
    25.556	     -0.369
    25.239	      0.212
    24.922	      0.274
    24.604	     -0.054
    24.287	      0.072
    23.969	     -0.280
    23.652	     -0.257
    23.334	     -0.460
    23.017	      0.056
    22.699	      0.161
    22.382	     -0.208
    22.064	      0.165
    21.747	     -0.030
    21.429	     -0.167
    21.112	      0.118
    20.794	     -0.034
    20.477	      0.598
    20.159	      0.227
    19.842	     -0.183
    19.525	      0.126
    19.207	      0.077
    18.890	      0.262
    18.572	      0.261
    18.255	     -0.130
    17.937	     -0.291
    17.620	     -0.021
    17.302	     -0.051
    16.985	     -0.542
    16.667	      0.045
    16.350	      0.388
    16.032	      0.439
    15.715	      0.396
    15.397	     -0.086
    15.080	     -0.165
    14.762	      0.077
    14.445	      0.216
    14.128	      0.629
    13.810	      0.505
    13.493	      1.010
    13.175	      2.001
    12.858	      2.149
    12.540	      3.288
    12.223	      4.101
    11.905	      4.535
    11.588	      4.676
    11.270	      5.322
    10.953	      6.173
    10.635	      7.072
    10.318	      8.607
    10.000	      9.599
     9.683	     10.917
     9.365	     11.049
     9.048	     11.236
     8.730	     11.241
     8.413	     10.242
     8.096	      9.639
     7.778	      8.050
     7.461	      6.959
     7.143	      5.381
     6.826	      2.865
     6.508	      1.547
     6.191	     -0.006
     5.873	      0.077
     5.556	      0.300
     5.238	      0.528
     4.921	     -0.118
     4.603	      0.276
     4.286	      0.020
     3.968	     -0.602
     3.651	     -0.578
     3.333	     -0.848
     3.016	     -0.669
     2.699	     -0.232
     2.381	      0.033
     2.064	      0.287
     1.746	     -0.196
     1.429	      0.446
     1.111	      0.304
     0.794	      0.078
     0.476	     -0.122
     0.159	     -0.356
    -0.159	      0.071
    -0.476	      0.499
    -0.794	      0.312
    -1.111	     -0.541
    -1.429	     -0.067
    -1.746	      0.386
    -2.064	      0.161
    -2.381	     -0.116
    -2.699	      0.243
    -3.016	     -0.067
    -3.333	      0.255
    -3.651	     -0.110
    -3.968	     -0.128
    -4.286	      0.251
    -4.603	      0.336
    -4.921	      0.747
    -5.238	      0.239
    -5.556	      0.256
    -5.873	     -0.017
    -6.191	      0.031
    -6.508	     -0.121
    -6.826	      0.556
    -7.143	      0.150
    -7.461	     -0.328
    -7.778	      0.223
    -8.096	      0.061
    -8.413	     -0.046
    -8.730	     -0.011
    -9.048	     -0.533
    -9.365	     -0.551
    -9.683	     -0.307
   -10.000	     -0.421
   -10.318	     -0.057
   -10.635	      0.360
   -10.953	      0.008
   -11.270	      0.157
   -11.588	     -0.360
   -11.905	      0.624
   -12.223	      0.141
   -12.540	     -0.199
   -12.858	     -0.125
   -13.175	     -0.196
   -13.493	      0.036
   -13.810	     -0.179
   -14.127	      0.052
   -14.445	     -0.157
   -14.762	      0.297
   -15.080	      0.017
   -15.397	      0.330
   -15.715	      0.273
   -16.032	     -0.083
   -16.350	     -0.078
   -16.667	      0.058
   -16.985	     -0.169
   -17.302	      0.106
   -17.620	     -0.198
   -17.937	      0.181
   -18.255	      0.243
   -18.572	     -0.082
   -18.890	     -0.116
   -19.207	     -0.081
   -19.525	     -0.131
   -19.842	      0.075
   -20.159	      0.079
   -20.477	      0.054
   -20.794	      0.126
   -21.112	     -0.311
   -21.429	     -0.379
   -21.747	      0.379
   -22.064	     -0.608
   -22.382	      0.046
   -22.699	     -0.385
   -23.017	     -0.226
   -23.334	      0.058
   -23.652	     -0.041
   -23.969	      0.201
   -24.287	      0.192
   -24.604	     -0.089
   -24.922	      0.006
   -25.239	     -0.041
   -25.556	     -0.055
   -25.874	      0.303
   -26.191	      0.029
   -26.509	     -0.124
   -26.826	      0.271
   -27.144	      0.265
   -27.461	     -0.262
   -27.779	     -0.433
   -28.096	      0.013
   -28.414	     -0.155
   -28.731	      0.337
   -29.049	      0.415
   -29.366	     -0.394
   -29.684	      0.110
   -30.001	     -0.170
   -30.319	     -0.032
   -30.636	      0.073
   -30.954	     -0.105
   -31.271	      0.110
   -31.588	      0.065
   -31.906	     -0.105
   -32.223	      0.308
   -32.541	     -0.231
   -32.858	     -0.277
   -33.176	     -0.449
   -33.493	      0.088
   -33.811	     -0.413
   -34.128	     -0.204
   -34.446	     -0.012
   -34.763	     -0.298
   -35.081	     -0.252
   -35.398	      0.539
   -35.716	     -0.009
   -36.033	     -0.286
   -36.351	      0.052
   -36.668	     -0.143
   -36.985	      0.145
   -37.303	     -0.190
   -37.620	      0.475
   -37.938	     -0.085
   -38.255	      0.290
   -38.573	     -0.057
   -38.890	      0.397
   -39.208	      0.290
   -39.525	     -0.116
   -39.843	      0.031
   -40.160	     -0.240
   -40.478	     -0.011