
fmt: 15 
sourcenm: Orion 
comnt:   
obsname: AE 
iscan: 123.000000 
quality: 0 
year: 2019 
month: 3 
day: 27 
ut: 22.254627 
lst: 5.887547 
integ: 300.183990 
fonoff: 15.000000 
caltime: 5.000000 
azs: 351.420837 
els: 61.695705 
azo: 355.649261 
elo: 61.668621 
epoch: 1950 
ras: 5.546331 
dels: -5.407290 
lii: 208.996002 
bii: -19.385527 
rao: 5.679664 
delo: -5.165611 
liio: 209.727371 
biio: -17.503206 
dhomphi: 0.000000 
dhomthe: 0.000000 
bw: 0.125000 
grid: 1 
nsumup: 0 
L(on1): 0.000000 
L(on2): 0.000000 
B(on1): 0.000000 
B(on2): 0.000000 
L(off1): 0.000000 
L(off2): 0.000000 
B(off1): 0.000000 
B(off2): 0.000000 
coscor: 1 
fcoord: 0 
molnm: 12 CO 
frest: 115271.201000 
harm: 11.000000 
harm2: 2.000000 
harm3: 1.000000 
lock: -1 
sbxif1: -125.000000 
vant: 43.623299 
vlsr: 0.000000 
locif: 60.000000 
offrq: 0.000000 
synth: 5230.428525 
rsynth: 5230.428525 
upfrq: 0.000000 
center: 127.500000 
nchf1: 127.500000 
delf: 0.122070 
nch: 256 
fcus: -16.773441 
fcur: -16.773441 
fcls: -266.773438 
fclr: -266.773438 
tcal: 168.497070 
twat: 298.225128 
tsys: 226.985077 
tchp: 295.000000 
humidity: 39.000000 
eta: 0.890385 
tauw: 0.239478 
taus: 0.298000 
taui: 0.113500 
tc: 167.826996 
tambF: 77.540001 
tp[0]: 786.335327 
t_tp[0]: 30.018400 
dnoise: 1.785728 
baseord: 1 
dipdata[0]: 0.089640 
dipdata[1]: 0.057344 
dipdata[2]: 0.034383 
dipn: 9 
dipaz: 350.000000 
dipel: 23.578186 
dipda: 1.000000 
diptp: 0.605968 
dipy: 2019 
dipm: 3 
dipd: 27 
diput: 19.629694 
vs_chan: 1 
rms: 0.000000 
sum_wgts: 0.000000 
fb50off: 0.000000 
xba: 0.000000 
yba: 0.000000 
asdaz: 0.000000 
asdel: 0.000000 
clouds: 0 
woff_integ[0]: 0.000000 
woff_integ[1]: 0.000000 
woff_tp[0]: 0.000000 
woff_tp[1]: 0.000000 
fb50off: 0.000000 
FBsplit: 0 

    40.478	     -0.153
    40.160	      0.205
    39.843	     -0.010
    39.525	     -0.047
    39.208	      0.205
    38.890	     -0.213
    38.573	     -0.239
    38.255	     -0.244
    37.938	     -0.418
    37.620	     -0.191
    37.303	     -0.531
    36.985	      0.330
    36.668	      0.138
    36.351	     -0.174
    36.033	     -0.228
    35.716	     -0.017
    35.398	      0.140
    35.081	      0.066
    34.763	     -0.475
    34.446	     -0.174
    34.128	      0.166
    33.811	      0.113
    33.493	     -0.416
    33.176	      0.181
    32.858	      0.369
    32.541	     -0.549
    32.223	     -0.239
    31.906	     -0.211
    31.588	      0.104
    31.271	     -0.042
    30.954	     -0.104
    30.636	      0.191
    30.319	      0.141
    30.001	     -0.035
    29.684	      0.215
    29.366	      0.277
    29.049	      0.208
    28.731	     -0.422
    28.414	      0.209
    28.096	     -0.430
    27.779	      0.424
    27.461	     -0.143
    27.144	     -0.244
    26.826	     -0.243
    26.509	     -0.312
    26.191	     -0.438
    25.874	     -0.137
    25.556	      0.074
    25.239	      0.041
    24.922	     -0.377
    24.604	      0.132
    24.287	      0.180
    23.969	      0.349
    23.652	     -0.560
    23.334	     -0.159
    23.017	     -0.027
    22.699	     -0.064
    22.382	     -0.177
    22.064	     -0.014
    21.747	     -0.511
    21.429	     -0.006
    21.112	      0.185
    20.794	     -0.326
    20.477	     -0.110
    20.159	      0.672
    19.842	      0.052
    19.525	     -0.057
    19.207	     -0.077
    18.890	      0.430
    18.572	      0.129
    18.255	      0.207
    17.937	      0.034
    17.620	      0.408
    17.302	     -0.041
    16.985	     -0.254
    16.667	      0.145
    16.350	     -0.328
    16.032	      0.624
    15.715	      0.241
    15.397	      0.658
    15.080	      0.316
    14.762	      0.819
    14.445	      0.747
    14.127	      1.251
    13.810	      1.353
    13.493	      1.876
    13.175	      2.762
    12.858	      4.075
    12.540	      5.750
    12.223	      7.881
    11.905	     10.577
    11.588	     13.886
    11.270	     17.516
    10.953	     20.771
    10.635	     23.711
    10.318	     26.532
    10.000	     28.234
     9.683	     29.941
     9.365	     29.901
     9.048	     29.471
     8.730	     27.675
     8.413	     26.468
     8.096	     23.685
     7.778	     21.824
     7.461	     19.168
     7.143	     16.536
     6.826	     14.180
     6.508	     11.223
     6.191	      8.334
     5.873	      6.783
     5.556	      5.319
     5.238	      4.972
     4.921	      2.669
     4.603	      1.753
     4.286	      1.076
     3.968	      0.713
     3.651	      0.073
     3.333	     -0.039
     3.016	      0.090
     2.699	     -0.308
     2.381	      0.309
     2.064	      0.334
     1.746	      0.964
     1.429	      0.182
     1.111	      0.345
     0.794	      0.226
     0.476	      0.622
     0.159	     -0.151
    -0.159	     -0.179
    -0.476	     -0.207
    -0.794	     -0.189
    -1.111	      0.141
    -1.429	      0.004
    -1.746	      0.145
    -2.064	      0.307
    -2.381	      0.342
    -2.699	     -0.299
    -3.016	      0.478
    -3.333	      0.240
    -3.651	     -0.002
    -3.968	      0.177
    -4.286	     -0.165
    -4.603	      0.450
    -4.921	      0.294
    -5.238	      0.002
    -5.556	     -0.062
    -5.873	      0.144
    -6.191	     -0.215
    -6.508	     -0.028
    -6.826	      0.254
    -7.143	     -0.022
    -7.461	      0.047
    -7.778	     -0.314
    -8.096	     -0.297
    -8.413	     -0.218
    -8.730	     -0.120
    -9.048	      0.080
    -9.365	     -0.480
    -9.683	      0.343
   -10.000	      0.119
   -10.318	      0.035
   -10.635	     -0.099
   -10.953	     -0.047
   -11.270	     -0.073
   -11.588	      0.206
   -11.905	      0.125
   -12.223	      0.075
   -12.540	     -0.251
   -12.858	      0.010
   -13.175	     -0.228
   -13.493	      0.512
   -13.810	     -0.054
   -14.127	      0.432
   -14.445	     -0.186
   -14.762	      0.005
   -15.080	     -0.015
   -15.397	     -0.060
   -15.715	      0.454
   -16.032	      0.331
   -16.350	      0.085
   -16.667	     -0.097
   -16.985	      0.338
   -17.302	     -0.016
   -17.620	     -0.382
   -17.937	      0.340
   -18.255	      0.584
   -18.572	      0.058
   -18.890	     -0.222
   -19.207	     -0.348
   -19.525	     -0.274
   -19.842	     -0.428
   -20.159	      0.140
   -20.477	      0.204
   -20.794	     -0.036
   -21.112	     -0.188
   -21.429	     -0.395
   -21.747	      0.291
   -22.064	     -0.041
   -22.382	     -0.123
   -22.699	      0.229
   -23.017	     -0.201
   -23.334	      0.143
   -23.652	      0.048
   -23.969	      0.111
   -24.287	     -0.002
   -24.604	     -0.148
   -24.922	      0.051
   -25.239	      0.264
   -25.556	      0.045
   -25.874	      0.246
   -26.191	     -0.004
   -26.509	      0.196
   -26.826	      0.355
   -27.144	     -0.392
   -27.461	      0.129
   -27.779	      0.151
   -28.096	      0.010
   -28.414	     -0.086
   -28.731	     -0.145
   -29.049	      0.136
   -29.366	     -0.054
   -29.684	      0.169
   -30.001	     -0.107
   -30.319	     -0.249
   -30.636	     -0.335
   -30.954	      0.206
   -31.271	     -0.141
   -31.588	     -0.072
   -31.906	     -0.080
   -32.223	     -0.267
   -32.541	     -0.306
   -32.858	     -0.049
   -33.176	     -0.240
   -33.493	     -0.091
   -33.811	     -0.045
   -34.128	      0.122
   -34.446	     -0.259
   -34.763	     -0.376
   -35.081	     -0.087
   -35.398	     -0.215
   -35.716	     -0.363
   -36.033	     -0.075
   -36.351	     -0.179
   -36.668	      0.149
   -36.985	     -0.218
   -37.303	      0.140
   -37.620	      0.572
   -37.938	     -0.084
   -38.255	     -0.199
   -38.573	     -0.241
   -38.890	     -0.255
   -39.208	     -0.189
   -39.525	     -0.280
   -39.843	     -0.001
   -40.160	     -0.448
   -40.478	      0.675