
fmt: 15 
sourcenm: Orion 
comnt:   
obsname: AE 
iscan: 112.000000 
quality: 0 
year: 2019 
month: 3 
day: 27 
ut: 20.541370 
lst: 4.169594 
integ: 300.183990 
fonoff: 15.000000 
caltime: 5.000000 
azs: 40.332073 
els: 55.519108 
azo: 43.170788 
elo: 54.284966 
epoch: 1950 
ras: 5.542506 
dels: -5.296109 
lii: 208.863495 
bii: -19.385527 
rao: 5.679664 
delo: -5.165611 
liio: 209.727371 
biio: -17.503206 
dhomphi: -1.000000 
dhomthe: 0.000000 
bw: 0.125000 
grid: 1 
nsumup: 0 
L(on1): 0.000000 
L(on2): 0.000000 
B(on1): 0.000000 
B(on2): 0.000000 
L(off1): 0.000000 
L(off2): 0.000000 
B(off1): 0.000000 
B(off2): 0.000000 
coscor: 1 
fcoord: 0 
molnm: 12 CO 
frest: 115271.201000 
harm: 11.000000 
harm2: 2.000000 
harm3: 1.000000 
lock: -1 
sbxif1: -125.000000 
vant: 43.484589 
vlsr: 0.000000 
locif: 60.000000 
offrq: 0.000000 
synth: 5230.430950 
rsynth: 5230.430950 
upfrq: 0.000000 
center: 127.500000 
nchf1: 127.500000 
delf: 0.122070 
nch: 256 
fcus: -16.720106 
fcur: -16.720106 
fcls: -266.720093 
fclr: -266.720093 
tcal: 169.129059 
twat: 298.225128 
tsys: 226.985077 
tchp: 295.000000 
humidity: 39.000000 
eta: 0.890385 
tauw: 0.239478 
taus: 0.298000 
taui: 0.113500 
tc: 169.521759 
tambF: 77.540001 
tp[0]: 832.863647 
t_tp[0]: 30.018400 
dnoise: -1.959608 
baseord: 1 
dipdata[0]: 0.089640 
dipdata[1]: 0.057344 
dipdata[2]: 0.034383 
dipn: 9 
dipaz: 350.000000 
dipel: 23.578186 
dipda: 1.000000 
diptp: 0.605968 
dipy: 2019 
dipm: 3 
dipd: 27 
diput: 19.629694 
vs_chan: 1 
rms: 0.000000 
sum_wgts: 0.000000 
fb50off: 0.000000 
xba: 0.000000 
yba: 0.000000 
asdaz: 0.000000 
asdel: 0.000000 
clouds: 0 
woff_integ[0]: 0.000000 
woff_integ[1]: 0.000000 
woff_tp[0]: 0.000000 
woff_tp[1]: 0.000000 
fb50off: 0.000000 
FBsplit: 0 

    40.478	      0.067
    40.160	      0.196
    39.843	     -0.053
    39.525	      0.145
    39.208	      0.429
    38.890	     -0.375
    38.573	      0.339
    38.255	      0.225
    37.938	      0.187
    37.620	     -0.028
    37.303	     -0.025
    36.985	     -0.059
    36.668	     -0.433
    36.351	     -0.196
    36.033	     -0.653
    35.716	      0.432
    35.398	      0.394
    35.081	      0.201
    34.763	      0.390
    34.446	      0.427
    34.128	      0.171
    33.811	      0.220
    33.493	     -0.126
    33.176	      0.258
    32.858	      0.216
    32.541	     -0.503
    32.223	     -0.435
    31.906	      0.165
    31.588	      0.138
    31.271	      0.060
    30.954	     -0.001
    30.636	      0.110
    30.319	      0.067
    30.001	     -0.584
    29.684	     -0.072
    29.366	      0.056
    29.049	     -0.026
    28.731	     -0.290
    28.414	     -0.262
    28.096	     -0.059
    27.779	      0.058
    27.461	      0.056
    27.144	     -0.012
    26.826	     -0.336
    26.509	     -0.080
    26.191	     -0.219
    25.874	      0.379
    25.556	     -0.180
    25.239	     -0.159
    24.922	      0.158
    24.604	     -0.047
    24.287	      0.134
    23.969	     -0.516
    23.652	      0.023
    23.334	     -0.113
    23.017	     -0.244
    22.699	     -0.238
    22.382	     -0.218
    22.064	      0.067
    21.747	      0.218
    21.429	     -0.397
    21.112	      0.088
    20.794	     -0.574
    20.477	      0.514
    20.159	     -0.048
    19.842	      0.007
    19.525	      0.203
    19.207	     -0.471
    18.890	     -0.391
    18.572	      0.206
    18.255	      0.132
    17.937	     -0.089
    17.620	      0.065
    17.302	     -0.219
    16.985	      0.018
    16.667	     -0.378
    16.350	     -0.104
    16.032	      0.026
    15.715	     -0.326
    15.397	     -0.116
    15.080	      0.064
    14.762	      0.063
    14.445	      0.053
    14.127	      0.175
    13.810	      0.652
    13.493	      0.767
    13.175	      1.175
    12.858	      1.399
    12.540	      2.533
    12.223	      3.864
    11.905	      5.489
    11.588	      7.941
    11.270	     11.481
    10.953	     14.445
    10.635	     16.105
    10.318	     18.155
    10.000	     17.619
     9.683	     18.247
     9.365	     17.961
     9.048	     17.158
     8.730	     15.863
     8.413	     15.080
     8.096	     13.372
     7.778	     11.590
     7.461	      9.493
     7.143	      7.158
     6.826	      5.141
     6.508	      3.175
     6.191	      1.268
     5.873	      1.171
     5.556	      0.627
     5.238	      0.386
     4.921	      0.243
     4.603	      0.374
     4.286	     -0.556
     3.968	     -0.498
     3.651	     -0.589
     3.333	     -1.376
     3.016	     -0.554
     2.699	     -0.514
     2.381	     -0.369
     2.064	     -0.356
     1.746	      0.438
     1.429	     -0.026
     1.111	      0.521
     0.794	      0.011
     0.476	      0.549
     0.159	     -0.208
    -0.159	     -0.201
    -0.476	     -0.194
    -0.794	      0.232
    -1.111	      0.342
    -1.429	     -0.429
    -1.746	     -0.377
    -2.064	      0.073
    -2.381	     -0.273
    -2.699	      0.261
    -3.016	      0.019
    -3.333	      0.126
    -3.651	      0.337
    -3.968	      0.216
    -4.286	     -0.242
    -4.603	      0.280
    -4.921	      0.155
    -5.238	     -0.112
    -5.556	      0.105
    -5.873	      0.168
    -6.191	      0.346
    -6.508	      0.078
    -6.826	     -0.081
    -7.143	     -0.300
    -7.461	      0.205
    -7.778	     -0.275
    -8.096	     -0.391
    -8.413	     -0.016
    -8.730	     -0.415
    -9.048	      0.230
    -9.365	     -0.133
    -9.683	      0.238
   -10.000	     -0.006
   -10.318	      0.033
   -10.635	     -0.394
   -10.953	      0.405
   -11.270	     -0.449
   -11.588	      0.200
   -11.905	     -0.259
   -12.223	      0.080
   -12.540	      0.501
   -12.858	     -0.294
   -13.175	      0.062
   -13.493	     -0.033
   -13.810	      0.089
   -14.128	      0.034
   -14.445	     -0.031
   -14.762	      0.144
   -15.080	      0.229
   -15.397	     -0.200
   -15.715	     -0.151
   -16.032	      0.172
   -16.350	      0.239
   -16.667	      0.459
   -16.985	      0.071
   -17.302	      0.069
   -17.620	      0.351
   -17.937	      0.532
   -18.255	     -0.195
   -18.572	     -0.335
   -18.890	      0.188
   -19.207	      0.317
   -19.525	      0.467
   -19.842	      0.132
   -20.159	     -0.043
   -20.477	     -0.568
   -20.794	      0.079
   -21.112	      0.726
   -21.429	     -0.081
   -21.747	     -0.425
   -22.064	      0.228
   -22.382	      0.190
   -22.699	      0.051
   -23.017	      0.621
   -23.334	      0.316
   -23.652	      0.052
   -23.969	      0.361
   -24.287	      0.243
   -24.604	      0.038
   -24.922	     -0.422
   -25.239	      0.216
   -25.556	      0.355
   -25.874	     -0.137
   -26.191	      0.455
   -26.509	      0.367
   -26.826	     -0.080
   -27.144	      0.140
   -27.461	      0.038
   -27.779	      0.098
   -28.096	     -0.205
   -28.414	     -0.104
   -28.731	     -0.247
   -29.049	     -0.077
   -29.366	      0.265
   -29.684	      0.113
   -30.001	      0.017
   -30.319	      0.036
   -30.636	     -0.457
   -30.954	     -0.571
   -31.271	      0.174
   -31.588	     -0.489
   -31.906	     -0.770
   -32.223	     -0.172
   -32.541	      0.440
   -32.858	     -0.288
   -33.176	     -0.171
   -33.493	      0.110
   -33.811	     -0.097
   -34.128	      0.312
   -34.446	      0.324
   -34.763	     -0.015
   -35.081	     -0.060
   -35.398	      0.077
   -35.716	      0.217
   -36.033	      0.084
   -36.351	     -0.158
   -36.668	     -0.443
   -36.985	     -0.240
   -37.303	     -0.154
   -37.620	     -0.198
   -37.938	     -0.378
   -38.255	     -0.137
   -38.573	      0.267
   -38.890	     -0.040
   -39.208	      0.003
   -39.525	      0.023
   -39.843	     -0.521
   -40.160	     -0.351
   -40.478	      0.191