
fmt: 15 
sourcenm: Orion 
comnt:   
obsname: AE 
iscan: 125.000000 
quality: 0 
year: 2019 
month: 3 
day: 27 
ut: 22.476711 
lst: 6.110239 
integ: 300.183990 
fonoff: 15.000000 
caltime: 5.000000 
azs: 344.329407 
els: 61.125492 
azo: 348.729950 
elo: 61.269814 
epoch: 1950 
ras: 5.538884 
dels: -5.464371 
lii: 208.996002 
bii: -19.510527 
rao: 5.679664 
delo: -5.165611 
liio: 209.727371 
biio: -17.503206 
dhomphi: 0.000000 
dhomthe: -1.000000 
bw: 0.125000 
grid: 1 
nsumup: 0 
L(on1): 0.000000 
L(on2): 0.000000 
B(on1): 0.000000 
B(on2): 0.000000 
L(off1): 0.000000 
L(off2): 0.000000 
B(off1): 0.000000 
B(off2): 0.000000 
coscor: 1 
fcoord: 0 
molnm: 12 CO 
frest: 115271.201000 
harm: 11.000000 
harm2: 2.000000 
harm3: 1.000000 
lock: -1 
sbxif1: -125.000000 
vant: 43.620979 
vlsr: 0.000000 
locif: 60.000000 
offrq: 0.000000 
synth: 5230.428566 
rsynth: 5230.428566 
upfrq: 0.000000 
center: 127.500000 
nchf1: 127.500000 
delf: 0.122070 
nch: 256 
fcus: -16.772551 
fcur: -16.772551 
fcls: -266.772552 
fclr: -266.772552 
tcal: 168.547104 
twat: 298.225128 
tsys: 226.985077 
tchp: 295.000000 
humidity: 39.000000 
eta: 0.890385 
tauw: 0.239478 
taus: 0.298000 
taui: 0.113500 
tc: 167.957733 
tambF: 77.540001 
tp[0]: 792.099182 
t_tp[0]: 30.018400 
dnoise: 0.765319 
baseord: 1 
dipdata[0]: 0.089640 
dipdata[1]: 0.057344 
dipdata[2]: 0.034383 
dipn: 9 
dipaz: 350.000000 
dipel: 23.578186 
dipda: 1.000000 
diptp: 0.605968 
dipy: 2019 
dipm: 3 
dipd: 27 
diput: 19.629694 
vs_chan: 1 
rms: 0.000000 
sum_wgts: 0.000000 
fb50off: 0.000000 
xba: 0.000000 
yba: 0.000000 
asdaz: 0.000000 
asdel: 0.000000 
clouds: 0 
woff_integ[0]: 0.000000 
woff_integ[1]: 0.000000 
woff_tp[0]: 0.000000 
woff_tp[1]: 0.000000 
fb50off: 0.000000 
FBsplit: 0 

    40.478	      0.056
    40.160	     -0.060
    39.843	     -0.017
    39.525	     -0.114
    39.208	     -0.152
    38.890	      0.474
    38.573	     -0.100
    38.255	      0.058
    37.938	     -0.062
    37.620	      0.294
    37.303	      0.005
    36.985	     -0.177
    36.668	     -0.038
    36.351	      0.400
    36.033	      0.378
    35.716	      0.528
    35.398	      0.239
    35.081	      0.124
    34.763	      0.275
    34.446	     -0.113
    34.128	      0.034
    33.811	     -0.105
    33.493	     -0.368
    33.176	      0.158
    32.858	     -0.212
    32.541	      0.337
    32.223	      0.265
    31.906	     -0.149
    31.588	      0.267
    31.271	      0.391
    30.954	      0.140
    30.636	      0.027
    30.319	     -0.111
    30.001	      0.278
    29.684	     -0.011
    29.366	      0.035
    29.049	      0.369
    28.731	     -0.424
    28.414	     -0.456
    28.096	     -0.138
    27.779	     -0.212
    27.461	      0.016
    27.144	      0.015
    26.826	     -0.204
    26.509	     -0.114
    26.191	      0.088
    25.874	      0.065
    25.556	      0.346
    25.239	      0.301
    24.922	      0.080
    24.604	      0.344
    24.287	     -0.214
    23.969	     -0.034
    23.652	      0.089
    23.334	     -0.114
    23.017	      0.022
    22.699	      0.207
    22.382	      0.176
    22.064	     -0.120
    21.747	      0.178
    21.429	     -0.336
    21.112	     -0.020
    20.794	      0.048
    20.477	      0.240
    20.159	      0.316
    19.842	      0.360
    19.525	      0.020
    19.207	     -0.068
    18.890	      0.349
    18.572	     -0.113
    18.255	      0.022
    17.937	     -0.211
    17.620	     -0.233
    17.302	     -0.129
    16.985	      0.195
    16.667	      0.039
    16.350	      0.286
    16.032	      0.044
    15.715	     -0.005
    15.397	      0.025
    15.080	      0.626
    14.762	      0.483
    14.445	      0.539
    14.128	      0.900
    13.810	      0.780
    13.493	      1.731
    13.175	      2.333
    12.858	      3.035
    12.540	      4.034
    12.223	      4.345
    11.905	      4.972
    11.588	      5.981
    11.270	      6.492
    10.953	      7.034
    10.635	      8.083
    10.318	     10.075
    10.000	     10.662
     9.683	     11.413
     9.365	     12.487
     9.048	     12.752
     8.730	     11.925
     8.413	     11.909
     8.096	     10.907
     7.778	      9.621
     7.461	      8.149
     7.143	      5.819
     6.826	      4.194
     6.508	      2.229
     6.191	      1.233
     5.873	      0.156
     5.556	      0.392
     5.238	      0.276
     4.921	     -0.126
     4.603	     -0.529
     4.286	     -0.414
     3.968	     -0.437
     3.651	     -0.497
     3.333	     -0.716
     3.016	     -1.139
     2.699	     -0.351
     2.381	     -0.219
     2.064	     -0.015
     1.746	     -0.186
     1.429	     -0.095
     1.111	     -0.231
     0.794	      0.105
     0.476	      0.093
     0.159	      0.137
    -0.159	     -0.022
    -0.476	     -0.182
    -0.794	     -0.100
    -1.111	      0.015
    -1.429	      0.395
    -1.746	     -0.665
    -2.064	      0.043
    -2.381	     -0.013
    -2.699	      0.473
    -3.016	     -0.600
    -3.333	     -0.132
    -3.651	     -0.579
    -3.968	     -0.063
    -4.286	     -0.334
    -4.603	      0.393
    -4.921	     -0.361
    -5.238	     -0.279
    -5.556	     -0.180
    -5.873	     -0.261
    -6.191	     -0.074
    -6.508	      0.095
    -6.826	      0.273
    -7.143	     -0.072
    -7.461	     -0.096
    -7.778	     -0.059
    -8.096	      0.157
    -8.413	     -0.108
    -8.730	     -0.279
    -9.048	     -0.299
    -9.365	      0.233
    -9.683	      0.340
   -10.000	     -0.438
   -10.318	     -0.320
   -10.635	     -0.076
   -10.953	     -0.153
   -11.270	      0.042
   -11.588	     -0.012
   -11.905	      0.193
   -12.223	      0.176
   -12.540	     -0.001
   -12.858	      0.224
   -13.175	     -0.139
   -13.493	     -0.150
   -13.810	     -0.009
   -14.127	     -0.236
   -14.445	     -0.219
   -14.762	      0.356
   -15.080	     -0.028
   -15.397	      0.158
   -15.715	     -0.129
   -16.032	     -0.036
   -16.350	     -0.169
   -16.667	     -0.061
   -16.985	     -0.575
   -17.302	     -0.179
   -17.620	      0.653
   -17.937	      0.352
   -18.255	     -0.144
   -18.572	     -0.008
   -18.890	      0.282
   -19.207	     -0.172
   -19.525	     -0.062
   -19.842	     -0.034
   -20.159	     -0.207
   -20.477	     -0.069
   -20.794	     -0.227
   -21.112	      0.034
   -21.429	      0.155
   -21.747	      0.211
   -22.064	      0.156
   -22.382	      0.394
   -22.699	      0.217
   -23.017	      0.463
   -23.334	      0.126
   -23.652	     -0.142
   -23.969	      0.419
   -24.287	      0.440
   -24.604	      0.469
   -24.922	     -0.248
   -25.239	      0.239
   -25.556	     -0.440
   -25.874	      0.112
   -26.191	     -0.223
   -26.509	      0.099
   -26.826	      0.166
   -27.144	     -0.019
   -27.461	      0.004
   -27.779	     -0.069
   -28.096	      0.006
   -28.414	      0.117
   -28.731	     -0.148
   -29.049	      0.339
   -29.366	      0.227
   -29.684	      0.065
   -30.001	      0.119
   -30.319	      0.021
   -30.636	     -0.095
   -30.954	      0.111
   -31.271	     -0.108
   -31.588	     -0.056
   -31.906	      0.142
   -32.223	     -0.035
   -32.541	     -0.283
   -32.858	     -0.071
   -33.176	     -0.011
   -33.493	     -0.247
   -33.811	      0.124
   -34.128	     -0.160
   -34.446	      0.184
   -34.763	      0.692
   -35.081	      0.569
   -35.398	      0.218
   -35.716	      0.131
   -36.033	     -0.094
   -36.351	      0.015
   -36.668	     -0.138
   -36.985	      0.144
   -37.303	      0.125
   -37.620	      0.305
   -37.938	      0.008
   -38.255	      0.178
   -38.573	     -0.260
   -38.890	      0.415
   -39.208	     -0.473
   -39.525	      0.014
   -39.843	     -0.262
   -40.160	      0.033
   -40.478	      0.150