
fmt: 15 
sourcenm: Orion 
comnt:   
obsname: AE 
iscan: 124.000000 
quality: 0 
year: 2019 
month: 3 
day: 27 
ut: 22.362747 
lst: 5.995961 
integ: 300.183990 
fonoff: 15.000000 
caltime: 5.000000 
azs: 348.135590 
els: 61.564285 
azo: 352.259644 
elo: 61.516014 
epoch: 1950 
ras: 5.550152 
dels: -5.518510 
lii: 209.128510 
bii: -19.385527 
rao: 5.679664 
delo: -5.165611 
liio: 209.727371 
biio: -17.503206 
dhomphi: 1.000000 
dhomthe: 0.000000 
bw: 0.125000 
grid: 1 
nsumup: 0 
L(on1): 0.000000 
L(on2): 0.000000 
B(on1): 0.000000 
B(on2): 0.000000 
L(off1): 0.000000 
L(off2): 0.000000 
B(off1): 0.000000 
B(off2): 0.000000 
coscor: 1 
fcoord: 0 
molnm: 12 CO 
frest: 115271.201000 
harm: 11.000000 
harm2: 2.000000 
harm3: 1.000000 
lock: -1 
sbxif1: -125.000000 
vant: 43.628384 
vlsr: 0.000000 
locif: 60.000000 
offrq: 0.000000 
synth: 5230.428437 
rsynth: 5230.428437 
upfrq: 0.000000 
center: 127.500000 
nchf1: 127.500000 
delf: 0.122070 
nch: 256 
fcus: -16.775396 
fcur: -16.775396 
fcls: -266.775391 
fclr: -266.775391 
tcal: 168.508469 
twat: 298.225128 
tsys: 226.985077 
tchp: 295.000000 
humidity: 39.000000 
eta: 0.890385 
tauw: 0.239478 
taus: 0.298000 
taui: 0.113500 
tc: 169.681763 
tambF: 77.540001 
tp[0]: 778.721558 
t_tp[0]: 30.018400 
dnoise: 0.440423 
baseord: 1 
dipdata[0]: 0.089640 
dipdata[1]: 0.057344 
dipdata[2]: 0.034383 
dipn: 9 
dipaz: 350.000000 
dipel: 23.578186 
dipda: 1.000000 
diptp: 0.605968 
dipy: 2019 
dipm: 3 
dipd: 27 
diput: 19.629694 
vs_chan: 1 
rms: 0.000000 
sum_wgts: 0.000000 
fb50off: 0.000000 
xba: 0.000000 
yba: 0.000000 
asdaz: 0.000000 
asdel: 0.000000 
clouds: 0 
woff_integ[0]: 0.000000 
woff_integ[1]: 0.000000 
woff_tp[0]: 0.000000 
woff_tp[1]: 0.000000 
fb50off: 0.000000 
FBsplit: 0 

    40.478	     -0.181
    40.160	     -0.150
    39.843	      0.019
    39.525	     -0.369
    39.208	     -0.255
    38.890	     -0.202
    38.573	      0.069
    38.255	      0.003
    37.938	     -0.141
    37.620	     -0.006
    37.303	      0.105
    36.985	      0.015
    36.668	     -0.097
    36.351	      0.435
    36.033	     -0.020
    35.716	      0.316
    35.398	     -0.045
    35.081	      0.096
    34.763	     -0.113
    34.446	     -0.102
    34.128	      0.468
    33.811	      0.110
    33.493	      0.346
    33.176	      0.466
    32.858	     -0.120
    32.541	      0.156
    32.223	     -0.248
    31.906	     -0.062
    31.588	      0.109
    31.271	     -0.377
    30.954	     -0.025
    30.636	      0.016
    30.319	     -0.113
    30.001	      0.019
    29.684	     -0.196
    29.366	     -0.119
    29.049	     -0.202
    28.731	      0.048
    28.414	      0.085
    28.096	     -0.174
    27.779	      0.282
    27.461	      0.054
    27.144	      0.157
    26.826	      0.471
    26.509	     -0.456
    26.191	     -0.318
    25.874	     -0.450
    25.556	     -0.301
    25.239	      0.344
    24.922	     -0.128
    24.604	      0.151
    24.287	      0.263
    23.969	     -0.174
    23.652	     -0.217
    23.334	      0.373
    23.017	     -0.072
    22.699	     -0.359
    22.382	     -0.338
    22.064	     -0.192
    21.747	     -0.016
    21.429	      0.063
    21.112	      0.112
    20.794	      0.063
    20.477	      0.131
    20.159	      0.226
    19.842	      0.164
    19.525	      0.114
    19.207	      0.213
    18.890	     -0.456
    18.572	      0.258
    18.255	      0.011
    17.937	      0.260
    17.620	      0.063
    17.302	      0.313
    16.985	      0.469
    16.667	      0.024
    16.350	      0.364
    16.032	      0.400
    15.715	      0.432
    15.397	      0.538
    15.080	      1.544
    14.762	      0.930
    14.445	      2.172
    14.127	      2.375
    13.810	      2.729
    13.493	      3.275
    13.175	      4.279
    12.858	      4.987
    12.540	      5.900
    12.223	      7.479
    11.905	      8.933
    11.588	      9.283
    11.270	     10.621
    10.953	     12.440
    10.635	     12.480
    10.318	     13.061
    10.000	     11.720
     9.683	     12.376
     9.365	     11.894
     9.048	     11.241
     8.730	     10.958
     8.413	     10.105
     8.096	      9.593
     7.778	      9.698
     7.461	      9.733
     7.143	      9.203
     6.826	      8.736
     6.508	      7.955
     6.191	      6.586
     5.873	      4.849
     5.556	      3.979
     5.238	      2.812
     4.921	      2.459
     4.603	      1.299
     4.286	      0.651
     3.968	     -0.302
     3.651	     -0.575
     3.333	     -0.586
     3.016	     -0.540
     2.699	     -0.177
     2.381	     -0.067
     2.064	      0.081
     1.746	     -0.015
     1.429	      0.174
     1.111	      0.497
     0.794	      0.195
     0.476	     -0.225
     0.159	     -0.025
    -0.159	     -0.077
    -0.476	     -0.129
    -0.794	     -0.109
    -1.111	      0.285
    -1.429	     -0.013
    -1.746	      0.321
    -2.064	      0.096
    -2.381	     -0.246
    -2.699	      0.062
    -3.016	      0.155
    -3.333	      0.072
    -3.651	     -0.281
    -3.968	      0.374
    -4.286	      0.202
    -4.603	     -0.210
    -4.921	     -0.094
    -5.238	      0.355
    -5.556	      0.355
    -5.873	      0.217
    -6.191	      0.016
    -6.508	      0.213
    -6.826	      0.288
    -7.143	     -0.009
    -7.461	     -0.076
    -7.778	      0.232
    -8.096	      0.043
    -8.413	     -0.172
    -8.730	      0.272
    -9.048	     -0.019
    -9.365	     -0.255
    -9.683	      0.101
   -10.000	     -0.352
   -10.318	      0.183
   -10.635	     -0.124
   -10.953	     -0.465
   -11.270	     -0.211
   -11.588	     -0.106
   -11.905	     -0.596
   -12.223	      0.343
   -12.540	      0.280
   -12.858	     -0.288
   -13.175	     -0.065
   -13.493	      0.206
   -13.810	     -0.296
   -14.127	      0.255
   -14.445	      0.262
   -14.762	      0.563
   -15.080	      0.096
   -15.397	      0.018
   -15.715	      0.118
   -16.032	     -0.590
   -16.350	      0.268
   -16.667	      0.307
   -16.985	      0.161
   -17.302	      0.012
   -17.620	      0.230
   -17.937	     -0.036
   -18.255	      0.224
   -18.572	     -0.340
   -18.890	      0.070
   -19.207	     -0.582
   -19.525	     -0.200
   -19.842	     -0.382
   -20.159	     -0.268
   -20.477	      0.055
   -20.794	      0.323
   -21.112	      0.069
   -21.429	      0.381
   -21.747	     -0.187
   -22.064	     -0.601
   -22.382	      0.300
   -22.699	      0.129
   -23.017	      0.147
   -23.334	      0.269
   -23.652	      0.358
   -23.969	      0.235
   -24.287	     -0.224
   -24.604	      0.082
   -24.922	     -0.106
   -25.239	     -0.082
   -25.556	      0.116
   -25.874	     -0.178
   -26.191	     -0.103
   -26.509	     -0.088
   -26.826	      0.132
   -27.144	      0.117
   -27.461	     -0.143
   -27.779	     -0.177
   -28.096	     -0.091
   -28.414	     -0.295
   -28.731	     -0.174
   -29.049	     -0.154
   -29.366	     -0.475
   -29.684	     -0.153
   -30.001	     -0.079
   -30.319	     -0.186
   -30.636	     -0.298
   -30.954	     -0.094
   -31.271	      0.229
   -31.588	     -0.037
   -31.906	      0.046
   -32.223	     -0.006
   -32.541	     -0.063
   -32.858	      0.352
   -33.176	      0.015
   -33.493	     -0.117
   -33.811	      0.037
   -34.128	     -0.320
   -34.446	     -0.123
   -34.763	     -0.061
   -35.081	     -0.073
   -35.398	     -0.406
   -35.716	      0.406
   -36.033	      0.285
   -36.351	      0.313
   -36.668	      0.191
   -36.985	     -0.037
   -37.303	     -0.241
   -37.620	      0.294
   -37.938	     -0.313
   -38.255	      0.137
   -38.573	     -0.298
   -38.890	      0.125
   -39.208	      0.141
   -39.525	      0.131
   -39.843	     -0.446
   -40.160	      0.446
   -40.478	      0.287