
fmt: 15 
sourcenm: Orion 
comnt:   
obsname: AE 
iscan: 116.000000 
quality: 0 
year: 2019 
month: 3 
day: 27 
ut: 20.981886 
lst: 4.611320 
integ: 300.183990 
fonoff: 15.000000 
caltime: 5.000000 
azs: 30.022043 
els: 58.652653 
azo: 33.080372 
elo: 57.680748 
epoch: 1950 
ras: 5.553777 
dels: -5.350188 
lii: 208.996002 
bii: -19.260527 
rao: 5.679664 
delo: -5.165611 
liio: 209.727371 
biio: -17.503206 
dhomphi: 0.000000 
dhomthe: 1.000000 
bw: 0.125000 
grid: 1 
nsumup: 0 
L(on1): 0.000000 
L(on2): 0.000000 
B(on1): 0.000000 
B(on2): 0.000000 
L(off1): 0.000000 
L(off2): 0.000000 
B(off1): 0.000000 
B(off2): 0.000000 
coscor: 1 
fcoord: 0 
molnm: 12 CO 
frest: 115271.201000 
harm: 11.000000 
harm2: 2.000000 
harm3: 1.000000 
lock: -1 
sbxif1: -125.000000 
vant: 43.537064 
vlsr: 0.000000 
locif: 60.000000 
offrq: 0.000000 
synth: 5230.430033 
rsynth: 5230.430033 
upfrq: 0.000000 
center: 127.500000 
nchf1: 127.500000 
delf: 0.122070 
nch: 256 
fcus: -16.740284 
fcur: -16.740284 
fcls: -266.740295 
fclr: -266.740295 
tcal: 168.782639 
twat: 298.225128 
tsys: 226.985077 
tchp: 295.000000 
humidity: 39.000000 
eta: 0.890385 
tauw: 0.239478 
taus: 0.298000 
taui: 0.113500 
tc: 167.021484 
tambF: 77.540001 
tp[0]: 818.915039 
t_tp[0]: 30.018400 
dnoise: -0.524451 
baseord: 1 
dipdata[0]: 0.089640 
dipdata[1]: 0.057344 
dipdata[2]: 0.034383 
dipn: 9 
dipaz: 350.000000 
dipel: 23.578186 
dipda: 1.000000 
diptp: 0.605968 
dipy: 2019 
dipm: 3 
dipd: 27 
diput: 19.629694 
vs_chan: 1 
rms: 0.000000 
sum_wgts: 0.000000 
fb50off: 0.000000 
xba: 0.000000 
yba: 0.000000 
asdaz: 0.000000 
asdel: 0.000000 
clouds: 0 
woff_integ[0]: 0.000000 
woff_integ[1]: 0.000000 
woff_tp[0]: 0.000000 
woff_tp[1]: 0.000000 
fb50off: 0.000000 
FBsplit: 0 

    40.478	     -0.103
    40.160	      0.068
    39.843	     -0.067
    39.525	      0.227
    39.208	      0.219
    38.890	      0.186
    38.573	      0.128
    38.255	      0.186
    37.938	     -0.224
    37.620	      0.132
    37.303	      0.004
    36.985	     -0.120
    36.668	      0.096
    36.351	      0.143
    36.033	     -0.194
    35.716	     -0.004
    35.398	      0.036
    35.081	     -0.226
    34.763	      0.572
    34.446	      0.010
    34.128	      0.234
    33.811	     -0.091
    33.493	      0.137
    33.176	     -0.259
    32.858	     -0.376
    32.541	      0.406
    32.223	      0.021
    31.906	     -0.441
    31.588	      0.331
    31.271	     -0.342
    30.954	     -0.038
    30.636	     -0.148
    30.319	      0.114
    30.001	     -0.382
    29.684	     -0.386
    29.366	      0.141
    29.049	      0.184
    28.731	     -0.017
    28.414	      0.055
    28.096	      0.059
    27.779	     -0.067
    27.461	     -0.151
    27.144	      0.072
    26.826	     -0.144
    26.509	     -0.452
    26.191	     -0.342
    25.874	      0.060
    25.556	      0.031
    25.239	     -0.059
    24.922	     -0.373
    24.604	      0.070
    24.287	     -0.096
    23.969	      0.432
    23.652	      0.103
    23.334	      0.096
    23.017	     -0.466
    22.699	     -0.178
    22.382	     -0.131
    22.064	     -0.090
    21.747	      0.564
    21.429	      0.012
    21.112	      0.210
    20.794	     -0.423
    20.477	     -0.293
    20.159	     -0.032
    19.842	     -0.420
    19.525	     -0.314
    19.207	     -0.065
    18.890	      0.499
    18.572	     -0.409
    18.255	     -0.115
    17.937	     -0.253
    17.620	      0.205
    17.302	      0.052
    16.985	      0.038
    16.667	      0.206
    16.350	     -0.088
    16.032	     -0.295
    15.715	      0.083
    15.397	      0.053
    15.080	      0.116
    14.762	     -0.041
    14.445	      0.659
    14.128	      0.450
    13.810	      0.924
    13.493	      1.032
    13.175	      1.639
    12.858	      3.327
    12.540	      4.417
    12.223	      6.098
    11.905	      8.524
    11.588	     11.070
    11.270	     12.352
    10.953	     14.614
    10.635	     17.032
    10.318	     17.588
    10.000	     19.220
     9.683	     19.584
     9.365	     20.455
     9.048	     19.156
     8.730	     17.543
     8.413	     16.475
     8.096	     13.771
     7.778	     11.962
     7.461	     10.193
     7.143	      9.046
     6.826	      7.657
     6.508	      5.880
     6.191	      4.810
     5.873	      3.498
     5.556	      2.463
     5.238	      2.541
     4.921	      1.173
     4.603	      0.945
     4.286	      0.699
     3.968	      0.259
     3.651	     -0.297
     3.333	     -0.249
     3.016	     -0.490
     2.699	     -0.334
     2.381	     -0.443
     2.064	     -0.099
     1.746	     -0.351
     1.429	      0.210
     1.111	      0.148
     0.794	      0.354
     0.476	     -0.081
     0.159	     -0.134
    -0.159	      0.089
    -0.476	      0.312
    -0.794	      0.051
    -1.111	     -0.126
    -1.429	     -0.030
    -1.746	      0.286
    -2.064	      0.249
    -2.381	      0.367
    -2.699	     -0.154
    -3.016	      0.040
    -3.333	     -0.312
    -3.651	      0.321
    -3.968	      0.039
    -4.286	      0.282
    -4.603	      0.215
    -4.921	      0.381
    -5.238	      0.123
    -5.556	      0.170
    -5.873	      0.236
    -6.191	      0.140
    -6.508	      0.203
    -6.826	     -0.421
    -7.143	     -0.077
    -7.461	      0.223
    -7.778	      0.010
    -8.096	      0.204
    -8.413	      0.293
    -8.730	      0.197
    -9.048	     -0.261
    -9.365	     -0.551
    -9.683	      0.119
   -10.000	     -0.099
   -10.318	     -0.386
   -10.635	     -0.049
   -10.953	      0.233
   -11.270	     -0.232
   -11.588	      0.039
   -11.905	     -0.181
   -12.223	      0.457
   -12.540	     -0.474
   -12.858	      0.006
   -13.175	     -0.213
   -13.493	      0.388
   -13.810	     -0.126
   -14.127	      0.254
   -14.445	     -0.125
   -14.762	     -0.103
   -15.080	      0.215
   -15.397	      0.258
   -15.715	     -0.225
   -16.032	      0.061
   -16.350	      0.017
   -16.667	      0.202
   -16.985	     -0.079
   -17.302	      0.329
   -17.620	     -0.046
   -17.937	      0.178
   -18.255	      0.361
   -18.572	      0.002
   -18.890	     -0.040
   -19.207	     -0.075
   -19.525	      0.448
   -19.842	      0.069
   -20.159	      0.086
   -20.477	      0.524
   -20.794	     -0.092
   -21.112	      0.367
   -21.429	     -0.144
   -21.747	     -0.618
   -22.064	      0.252
   -22.382	     -0.042
   -22.699	     -0.325
   -23.017	     -0.399
   -23.334	     -0.127
   -23.652	     -0.072
   -23.969	     -0.157
   -24.287	      0.169
   -24.604	      0.272
   -24.922	     -0.054
   -25.239	      0.369
   -25.556	     -0.068
   -25.874	      0.538
   -26.191	     -0.411
   -26.509	      0.000
   -26.826	      0.169
   -27.144	      0.223
   -27.461	     -0.137
   -27.779	     -0.069
   -28.096	     -0.009
   -28.414	      0.139
   -28.731	      0.323
   -29.049	     -0.446
   -29.366	     -0.104
   -29.684	     -0.332
   -30.001	      0.344
   -30.319	     -0.405
   -30.636	      0.029
   -30.954	     -0.243
   -31.271	      0.042
   -31.588	     -0.151
   -31.906	      0.534
   -32.223	     -0.365
   -32.541	      0.005
   -32.858	      0.467
   -33.176	     -0.130
   -33.493	     -0.177
   -33.811	     -0.092
   -34.128	     -0.139
   -34.446	     -0.021
   -34.763	     -0.311
   -35.081	     -0.339
   -35.398	      0.375
   -35.716	     -0.040
   -36.033	     -0.271
   -36.351	      0.047
   -36.668	     -0.343
   -36.985	      0.121
   -37.303	     -0.196
   -37.620	      0.488
   -37.938	     -0.012
   -38.255	      0.037
   -38.573	     -0.109
   -38.890	      0.042
   -39.208	      0.160
   -39.525	     -0.320
   -39.843	     -0.412
   -40.160	     -0.182
   -40.478	     -0.132