
fmt: 15 
sourcenm: Orion 
comnt:   
obsname: AE 
iscan: 121.000000 
quality: 0 
year: 2019 
month: 3 
day: 27 
ut: 21.551584 
lst: 5.182578 
integ: 300.183990 
fonoff: 15.000000 
caltime: 5.000000 
azs: 13.798353 
els: 61.292206 
azo: 17.496292 
elo: 60.709572 
epoch: 1950 
ras: 5.553777 
dels: -5.350188 
lii: 208.996002 
bii: -19.260527 
rao: 5.679664 
delo: -5.165611 
liio: 209.727371 
biio: -17.503206 
dhomphi: 0.000000 
dhomthe: 1.000000 
bw: 0.125000 
grid: 1 
nsumup: 0 
L(on1): 0.000000 
L(on2): 0.000000 
B(on1): 0.000000 
B(on2): 0.000000 
L(off1): 0.000000 
L(off2): 0.000000 
B(off1): 0.000000 
B(off2): 0.000000 
coscor: 1 
fcoord: 0 
molnm: 12 CO 
frest: 115271.201000 
harm: 11.000000 
harm2: 2.000000 
harm3: 1.000000 
lock: -1 
sbxif1: -125.000000 
vant: 43.584560 
vlsr: 0.000000 
locif: 60.000000 
offrq: 0.000000 
synth: 5230.429202 
rsynth: 5230.429202 
upfrq: 0.000000 
center: 127.500000 
nchf1: 127.500000 
delf: 0.122070 
nch: 256 
fcus: -16.758547 
fcur: -16.758547 
fcls: -266.758545 
fclr: -266.758545 
tcal: 168.532318 
twat: 298.225128 
tsys: 226.985077 
tchp: 295.000000 
humidity: 39.000000 
eta: 0.890385 
tauw: 0.239478 
taus: 0.298000 
taui: 0.113500 
tc: 167.614243 
tambF: 77.540001 
tp[0]: 793.747009 
t_tp[0]: 30.018400 
dnoise: 0.249074 
baseord: 1 
dipdata[0]: 0.089640 
dipdata[1]: 0.057344 
dipdata[2]: 0.034383 
dipn: 9 
dipaz: 350.000000 
dipel: 23.578186 
dipda: 1.000000 
diptp: 0.605968 
dipy: 2019 
dipm: 3 
dipd: 27 
diput: 19.629694 
vs_chan: 1 
rms: 0.000000 
sum_wgts: 0.000000 
fb50off: 0.000000 
xba: 0.000000 
yba: 0.000000 
asdaz: 0.000000 
asdel: 0.000000 
clouds: 0 
woff_integ[0]: 0.000000 
woff_integ[1]: 0.000000 
woff_tp[0]: 0.000000 
woff_tp[1]: 0.000000 
fb50off: 0.000000 
FBsplit: 0 

    40.478	     -0.490
    40.160	      0.209
    39.843	      0.208
    39.525	     -0.115
    39.208	      0.198
    38.890	     -0.397
    38.573	     -0.119
    38.255	      0.193
    37.938	     -0.049
    37.620	     -0.188
    37.303	      0.510
    36.985	      0.449
    36.668	      0.139
    36.351	     -0.151
    36.033	     -0.304
    35.716	      0.170
    35.398	      0.181
    35.081	      0.043
    34.763	     -0.090
    34.446	      0.173
    34.128	     -0.386
    33.811	     -0.283
    33.493	     -0.114
    33.176	     -0.164
    32.858	     -0.288
    32.541	      0.341
    32.223	     -0.327
    31.906	     -0.082
    31.588	      0.356
    31.271	     -0.072
    30.954	     -0.053
    30.636	     -0.260
    30.319	      0.046
    30.001	      0.030
    29.684	     -0.224
    29.366	     -0.080
    29.049	      0.120
    28.731	      0.192
    28.414	     -0.064
    28.096	      0.013
    27.779	      0.448
    27.461	     -0.354
    27.144	     -0.323
    26.826	     -0.264
    26.509	      0.240
    26.191	     -0.106
    25.874	      0.338
    25.556	     -0.031
    25.239	     -0.064
    24.922	     -0.115
    24.604	      0.111
    24.287	      0.286
    23.969	      0.059
    23.652	     -0.047
    23.334	      0.150
    23.017	     -0.184
    22.699	     -0.382
    22.382	     -0.028
    22.064	     -0.379
    21.747	      0.088
    21.429	      0.385
    21.112	      0.115
    20.794	      0.343
    20.477	      0.217
    20.159	      0.218
    19.842	      0.441
    19.525	      0.057
    19.207	      0.267
    18.890	      0.187
    18.572	     -0.069
    18.255	      0.035
    17.937	     -0.160
    17.620	     -0.025
    17.302	      0.090
    16.985	      0.399
    16.667	      0.004
    16.350	      0.049
    16.032	      0.177
    15.715	      0.030
    15.397	      0.395
    15.080	      0.047
    14.762	      0.235
    14.445	      0.171
    14.128	      0.660
    13.810	      0.402
    13.493	      1.174
    13.175	      2.263
    12.858	      3.437
    12.540	      4.180
    12.223	      6.941
    11.905	      8.503
    11.588	     10.451
    11.270	     12.410
    10.953	     14.661
    10.635	     16.307
    10.318	     17.416
    10.000	     18.395
     9.683	     19.907
     9.365	     18.985
     9.048	     18.878
     8.730	     16.982
     8.413	     15.573
     8.096	     13.982
     7.778	     11.992
     7.461	     10.533
     7.143	      9.108
     6.826	      7.484
     6.508	      6.179
     6.191	      4.683
     5.873	      3.517
     5.556	      2.909
     5.238	      2.493
     4.921	      1.153
     4.603	      1.264
     4.286	      0.553
     3.968	     -0.161
     3.651	     -0.196
     3.333	     -0.752
     3.016	     -0.428
     2.699	     -0.318
     2.381	     -0.142
     2.064	      0.155
     1.746	     -0.066
     1.429	      0.262
     1.111	     -0.124
     0.794	      0.377
     0.476	     -0.320
     0.159	      0.127
    -0.159	      0.329
    -0.476	      0.531
    -0.794	      0.117
    -1.111	      0.227
    -1.429	      0.264
    -1.746	     -0.240
    -2.064	     -0.024
    -2.381	      0.066
    -2.699	     -0.109
    -3.016	      0.202
    -3.333	      0.078
    -3.651	     -0.086
    -3.968	     -0.255
    -4.286	      0.560
    -4.603	     -0.082
    -4.921	     -0.476
    -5.238	      0.169
    -5.556	      0.318
    -5.873	     -0.398
    -6.191	     -0.100
    -6.508	     -0.039
    -6.826	     -0.142
    -7.143	      0.299
    -7.461	     -0.322
    -7.778	      0.354
    -8.096	     -0.018
    -8.413	     -0.169
    -8.730	     -0.366
    -9.048	     -0.216
    -9.365	     -0.037
    -9.683	     -0.241
   -10.000	     -0.063
   -10.318	     -0.224
   -10.635	     -0.502
   -10.953	     -0.166
   -11.270	      0.148
   -11.588	     -0.072
   -11.905	     -0.319
   -12.223	      0.298
   -12.540	     -0.539
   -12.858	     -0.535
   -13.175	     -0.297
   -13.493	      0.289
   -13.810	     -0.041
   -14.127	      0.294
   -14.445	     -0.016
   -14.762	     -0.421
   -15.080	     -0.022
   -15.397	     -0.144
   -15.715	     -0.234
   -16.032	     -0.381
   -16.350	     -0.124
   -16.667	     -0.075
   -16.985	      0.015
   -17.302	     -0.057
   -17.620	      0.129
   -17.937	      0.120
   -18.255	      0.084
   -18.572	     -0.345
   -18.890	     -0.285
   -19.207	     -0.142
   -19.525	     -0.020
   -19.842	     -0.013
   -20.159	      0.092
   -20.477	     -0.176
   -20.794	     -0.104
   -21.112	      0.122
   -21.429	     -0.034
   -21.747	     -0.074
   -22.064	     -0.108
   -22.382	     -0.016
   -22.699	     -0.019
   -23.017	     -0.114
   -23.334	      0.179
   -23.652	     -0.141
   -23.969	     -0.146
   -24.287	     -0.380
   -24.604	     -0.604
   -24.922	      0.131
   -25.239	     -0.063
   -25.556	      0.200
   -25.874	     -0.030
   -26.191	      0.320
   -26.509	     -0.144
   -26.826	      0.035
   -27.144	      0.071
   -27.461	      0.290
   -27.779	     -0.026
   -28.096	      0.106
   -28.414	      0.051
   -28.731	      0.017
   -29.049	      0.014
   -29.366	      0.177
   -29.684	      0.286
   -30.001	      0.121
   -30.319	      0.099
   -30.636	      0.180
   -30.954	      0.019
   -31.271	      0.135
   -31.588	      0.205
   -31.906	     -0.210
   -32.223	     -0.465
   -32.541	     -0.290
   -32.858	     -0.434
   -33.176	      0.167
   -33.493	      0.395
   -33.811	     -0.041
   -34.128	      0.251
   -34.446	      0.263
   -34.763	      0.178
   -35.081	      0.474
   -35.398	      0.075
   -35.716	      0.635
   -36.033	      0.216
   -36.351	      0.281
   -36.668	     -0.269
   -36.985	      0.006
   -37.303	      0.168
   -37.620	     -0.311
   -37.938	      0.158
   -38.255	     -0.025
   -38.573	     -0.132
   -38.890	     -0.007
   -39.208	     -0.193
   -39.525	      0.073
   -39.843	     -0.335
   -40.160	      0.168
   -40.478	      0.462